# radius_AU intensity_Jy_per_sr
0.000000000000000000e+00 2.614123557393908815e-14
1.051051051051051094e-01 2.837592381596603661e-14
2.102102102102102188e-01 3.079632855194026206e-14
3.153153153153153143e-01 3.341741985927520585e-14
4.204204204204204376e-01 3.625533499325094359e-14
5.255255255255255609e-01 3.932746611215862474e-14
6.306306306306306286e-01 4.265255433172565457e-14
7.357357357357358074e-01 4.625079054480306936e-14
8.408408408408408752e-01 5.014392347077120017e-14
9.459459459459459429e-01 5.435537542932088795e-14
1.051051051051051122e+00 5.891036636532555764e-14
1.156156156156156189e+00 6.383604668551470040e-14
1.261261261261261257e+00 6.916163950372101619e-14
1.366366366366366325e+00 7.491859292968292554e-14
1.471471471471471615e+00 8.114074307691351605e-14
1.576576576576576683e+00 8.786448850806309276e-14
1.681681681681681750e+00 9.512897688169559857e-14
1.786786786786786818e+00 1.029763046125467093e-13
1.891891891891891886e+00 1.114517304083417420e-13
1.996996996996997176e+00 1.206039036002324704e-13
2.102102102102102243e+00 1.304851082410396476e-13
2.207207207207207311e+00 1.411515240059253300e-13
2.312312312312312379e+00 1.526635049940481483e-13
2.417417417417417447e+00 1.650858775973620152e-13
2.522522522522522515e+00 1.784882586741676260e-13
2.627627627627627582e+00 1.929453953405636000e-13
2.732732732732732650e+00 2.085375277727306664e-13
2.837837837837838162e+00 2.253507764972817898e-13
2.942942942942943230e+00 2.434775557359272840e-13
3.048048048048048297e+00 2.630170144646567628e-13
3.153153153153153365e+00 2.840755069468445020e-13
3.258258258258258433e+00 3.067670946043169763e-13
3.363363363363363501e+00 3.312140812008375750e-13
3.468468468468468568e+00 3.575475834288540589e-13
3.573573573573573636e+00 3.859081391131036773e-13
3.678678678678678704e+00 4.164463553740416559e-13
3.783783783783783772e+00 4.493235992303727667e-13
3.888888888888888840e+00 4.847127332635106101e-13
3.993993993993994351e+00 5.227988991180592887e-13
4.099099099099099419e+00 5.637803517715875682e-13
4.204204204204204487e+00 6.078693476745197822e-13
4.309309309309309555e+00 6.552930900372711047e-13
4.414414414414414622e+00 7.062947347272244697e-13
4.519519519519519690e+00 7.611344604331969090e-13
4.624624624624624758e+00 8.200906069600133251e-13
4.729729729729729826e+00 8.834608857313669451e-13
4.834834834834834894e+00 9.515636668055406512e-13
4.939939939939939961e+00 1.024739346946311269e-12
5.045045045045045029e+00 1.103351803541272049e-12
5.150150150150150097e+00 1.187789939421725442e-12
5.255255255255255165e+00 1.278469323913594916e-12
5.360360360360360232e+00 1.375833935737435085e-12
5.465465465465465300e+00 1.480358013678183506e-12
5.570570570570570368e+00 1.592548021262942775e-12
5.675675675675676324e+00 1.712944732017590362e-12
5.780780780780781392e+00 1.842125442221712271e-12
5.885885885885886459e+00 1.980706318446626708e-12
5.990990990990991527e+00 2.129344887543535516e-12
6.096096096096096595e+00 2.288742677149280722e-12
6.201201201201201663e+00 2.459648015196344234e-12
6.306306306306306730e+00 2.642858997351772926e-12
6.411411411411411798e+00 2.839226631768463806e-12
6.516516516516516866e+00 3.049658171011460607e-12
6.621621621621621934e+00 3.275120641523117559e-12
6.726726726726727001e+00 3.516644581514244086e-12
6.831831831831832069e+00 3.775327998715429591e-12
6.936936936936937137e+00 4.052340559993516727e-12
7.042042042042042205e+00 4.348928025434604046e-12
7.147147147147147273e+00 4.666416940116256835e-12
7.252252252252252340e+00 5.006219597441041064e-12
7.357357357357357408e+00 5.369839288579496206e-12
7.462462462462462476e+00 5.758875853276406084e-12
7.567567567567567544e+00 6.175031548008391705e-12
7.672672672672672611e+00 6.620117248247125417e-12
7.777777777777777679e+00 7.096059002378905794e-12
7.882882882882883635e+00 7.604904955662031167e-12
7.987987987987988703e+00 8.148832663465762492e-12
8.093093093093093771e+00 8.730156813933473113e-12
8.198198198198198838e+00 9.351337381147274426e-12
8.303303303303303906e+00 1.001498823084028863e-11
8.408408408408408974e+00 1.072388620171342274e-11
8.513513513513514042e+00 1.148098068646008676e-11
8.618618618618619109e+00 1.228940373769022959e-11
8.723723723723724177e+00 1.315248072507475577e-11
8.828828828828829245e+00 1.407374157120157397e-11
8.933933933933934313e+00 1.505693259484968354e-11
9.039039039039039380e+00 1.610602899164813347e-11
9.144144144144144448e+00 1.722524798338885458e-11
9.249249249249249516e+00 1.841906266861656523e-11
9.354354354354354584e+00 1.969221660851684094e-11
9.459459459459459651e+00 2.104973918357166542e-11
9.564564564564564719e+00 2.249696175795164734e-11
9.669669669669669787e+00 2.403953469016054903e-11
9.774774774774774855e+00 2.568344523005130408e-11
9.879879879879879923e+00 2.743503634398789309e-11
9.984984984984984990e+00 2.930102651163264055e-11
1.009009009009009006e+01 3.128853053960526965e-11
1.019519519519519513e+01 3.340508143907945179e-11
1.030030030030030019e+01 3.565865341625614202e-11
1.040540540540540526e+01 3.805768602659322105e-11
1.051051051051051033e+01 4.061110954565656988e-11
1.061561561561561540e+01 4.332837161151545677e-11
1.072072072072072046e+01 4.621946519571822680e-11
1.082582582582582553e+01 4.929495796205007579e-11
1.093093093093093060e+01 5.256602307451940642e-11
1.103603603603603567e+01 5.604447151830753679e-11
1.114114114114114074e+01 5.974278599977795153e-11
1.124624624624624758e+01 6.367415649406702461e-11
1.135135135135135265e+01 6.785251751125252513e-11
1.145645645645645772e+01 7.229258715465292225e-11
1.156156156156156278e+01 7.700990804741966608e-11
1.166666666666666785e+01 8.202089020625133509e-11
1.177177177177177292e+01 8.734285594380545903e-11
1.187687687687687799e+01 9.299408688417875942e-11
1.198198198198198305e+01 9.899387317868613930e-11
1.208708708708708812e+01 1.053625650120988342e-10
1.219219219219219319e+01 1.121216264924849494e-10
1.229729729729729826e+01 1.192936920208359247e-10
1.240240240240240333e+01 1.269026252397838971e-10
1.250750750750750839e+01 1.349735806638545491e-10
1.261261261261261346e+01 1.435330680969427063e-10
1.271771771771771853e+01 1.526090199459647948e-10
1.282282282282282360e+01 1.622308615429676268e-10
1.292792792792792866e+01 1.724295845913621328e-10
1.303303303303303373e+01 1.832378238553836156e-10
1.313813813813813880e+01 1.946899372153436102e-10
1.324324324324324387e+01 2.068220892147914050e-10
1.334834834834834894e+01 2.196723382292318536e-10
1.345345345345345400e+01 2.332807273896783315e-10
1.355855855855855907e+01 2.476893793979598852e-10
1.366366366366366414e+01 2.629425953743445193e-10
1.376876876876876921e+01 2.790869578817822203e-10
1.387387387387387427e+01 2.961714382747618308e-10
1.397897897897897934e+01 3.142475085245292463e-10
1.408408408408408441e+01 3.333692576761992506e-10
1.418918918918918948e+01 3.535935130969998734e-10
1.429429429429429455e+01 3.749799666787226566e-10
1.439939939939939961e+01 3.975913061612015118e-10
1.450450450450450468e+01 4.214933517473696635e-10
1.460960960960960975e+01 4.467551981842567019e-10
1.471471471471471482e+01 4.734493624879566197e-10
1.481981981981981988e+01 5.016519374943215260e-10
1.492492492492492495e+01 5.314427514208183855e-10
1.503003003003003002e+01 5.629055336285397520e-10
1.513513513513513509e+01 5.961280867769978209e-10
1.524024024024024015e+01 6.312024655677964923e-10
1.534534534534534522e+01 6.682251622767059912e-10
1.545045045045045029e+01 7.072972992770363850e-10
1.555555555555555536e+01 7.485248287604524039e-10
1.566066066066066043e+01 7.920187398645383101e-10
1.576576576576576727e+01 8.378952734195098447e-10
1.587087087087087234e+01 8.862761445292927231e-10
1.597597597597597741e+01 9.372887732051014082e-10
1.608108108108108070e+01 9.910665232722350772e-10
1.618618618618618754e+01 1.047748949773264730e-09
1.629129129129129083e+01 1.107482055093131168e-09
1.639639639639639768e+01 1.170418554033871089e-09
1.650150150150150097e+01 1.236718148068355297e-09
1.660660660660660781e+01 1.306547809004500092e-09
1.671171171171171110e+01 1.380082072292557096e-09
1.681681681681681795e+01 1.457503340209459473e-09
1.692192192192192124e+01 1.539002195155224905e-09
1.702702702702702808e+01 1.624777723296947560e-09
1.713213213213213137e+01 1.715037848796368706e-09
1.723723723723723822e+01 1.809999678857275602e-09
1.734234234234234151e+01 1.909889859828245154e-09
1.744744744744744835e+01 2.014944944596300786e-09
1.755255255255255165e+01 2.125411771505475157e-09
1.765765765765765849e+01 2.241547855033267175e-09
1.776276276276276178e+01 2.363621788456218000e-09
1.786786786786786863e+01 2.491913658733364073e-09
1.797297297297297547e+01 2.626715473834043440e-09
1.807807807807807876e+01 2.768331602733263431e-09
1.818318318318318561e+01 2.917079228294191971e-09
1.828828828828828890e+01 3.073288813253386669e-09
1.839339339339339574e+01 3.237304579519780823e-09
1.849849849849849903e+01 3.409485000993041119e-09
1.860360360360360588e+01 3.590203310101567367e-09
1.870870870870870917e+01 3.779848018253690826e-09
1.881381381381381601e+01 3.978823450389025091e-09
1.891891891891891930e+01 4.187550293809122807e-09
1.902402402402402615e+01 4.406466161458547971e-09
1.912912912912912944e+01 4.636026169818393184e-09
1.923423423423423628e+01 4.876703531564955131e-09
1.933933933933933957e+01 5.128990163135577807e-09
1.944444444444444642e+01 5.393397307333081836e-09
1.954954954954954971e+01 5.670456171087912056e-09
1.965465465465465655e+01 5.960718578485041405e-09
1.975975975975975985e+01 6.264757639148647534e-09
1.986486486486486669e+01 6.583168432064149355e-09
1.996996996996996998e+01 6.916568704901260848e-09
2.007507507507507682e+01 7.265599588886554768e-09
2.018018018018018012e+01 7.630926329256653959e-09
2.028528528528528696e+01 8.013239031305926230e-09
2.039039039039039025e+01 8.413253422023435991e-09
2.049549549549549710e+01 8.831711627294950155e-09
2.060060060060060039e+01 9.269382964624620031e-09
2.070570570570570723e+01 9.727064751310249103e-09
2.081081081081081052e+01 1.020558312798277565e-08
2.091591591591591737e+01 1.070579389739806751e-08
2.102102102102102066e+01 1.122858337834373365e-08
2.112612612612612750e+01 1.177486927449928656e-08
2.123123123123123079e+01 1.234560155806027591e-08
2.133633633633633764e+01 1.294176336791087317e-08
2.144144144144144093e+01 1.356437192209951741e-08
2.154654654654654777e+01 1.421447944434380736e-08
2.165165165165165106e+01 1.489317410425932403e-08
2.175675675675675791e+01 1.560158097097601748e-08
2.186186186186186120e+01 1.634086297977251892e-08
2.196696696696696804e+01 1.711222191132571813e-08
2.207207207207207134e+01 1.791689938313702184e-08
2.217717717717717818e+01 1.875617785266240053e-08
2.228228228228228147e+01 1.963138163163454127e-08
2.238738738738738832e+01 2.054387791102969344e-08
2.249249249249249516e+01 2.149507779609073108e-08
2.259759759759759845e+01 2.248643735077986912e-08
2.270270270270270530e+01 2.351945865099261524e-08
2.280780780780780859e+01 2.459569084582257800e-08
2.291291291291291543e+01 2.571673122612505864e-08
2.301801801801801872e+01 2.688422629958234532e-08
2.312312312312312557e+01 2.809987287143023813e-08
2.322822822822822886e+01 2.936541912995887523e-08
2.333333333333333570e+01 3.068266573585612078e-08
2.343843843843843899e+01 3.205346691441267008e-08
2.354354354354354584e+01 3.347973154956326417e-08
2.364864864864864913e+01 3.496342427868621060e-08
2.375375375375375597e+01 3.650656658703846502e-08
2.385885885885885926e+01 3.811123790064985724e-08
2.396396396396396611e+01 3.977957667645321058e-08
2.406906906906906940e+01 4.151378148837359122e-08
2.417417417417417624e+01 4.331611210805096865e-08
2.427927927927927954e+01 4.518889057881692034e-08
2.438438438438438638e+01 4.713450228149663479e-08
2.448948948948948967e+01 4.915539699055192642e-08
2.459459459459459651e+01 5.125408991903323806e-08
2.469969969969969981e+01 5.343316275075061762e-08
2.480480480480480665e+01 5.569526465802739998e-08
2.490990990990990994e+01 5.804311330334191926e-08
2.501501501501501679e+01 6.047949582311597019e-08
2.512012012012012008e+01 6.300726979185138387e-08
2.522522522522522692e+01 6.562936416477040273e-08
2.533033033033033021e+01 6.834878019705743222e-08
2.543543543543543706e+01 7.116859233775647472e-08
2.554054054054054035e+01 7.409194909632138353e-08
2.564564564564564719e+01 7.712207387977379560e-08
2.575075075075075048e+01 8.026226579836725434e-08
2.585585585585585733e+01 8.351590043761753345e-08
2.596096096096096062e+01 8.688643059450359946e-08
2.606606606606606746e+01 9.037738697560681780e-08
2.617117117117117076e+01 9.399237885490382248e-08
2.627627627627627760e+01 9.773509468889536837e-08
2.638138138138138089e+01 1.016093026867014858e-07
2.648648648648648773e+01 1.056188513327256886e-07
2.659159159159159103e+01 1.097676698594427585e-07
2.669669669669669787e+01 1.140597686678377497e-07
2.680180180180180116e+01 1.184992396929843502e-07
2.690690690690690801e+01 1.230902567122236051e-07
2.701201201201201485e+01 1.278370755933716358e-07
2.711711711711711814e+01 1.327440344803621037e-07
2.722222222222222499e+01 1.378155539137035867e-07
2.732732732732732828e+01 1.430561368831088193e-07
2.743243243243243512e+01 1.484703688096412504e-07
2.753753753753753841e+01 1.540629174546998174e-07
2.764264264264264526e+01 1.598385327531620321e-07
2.774774774774774855e+01 1.658020465679856184e-07
2.785285285285285539e+01 1.719583723635740528e-07
2.795795795795795868e+01 1.783125047952016420e-07
2.806306306306306553e+01 1.848695192118032248e-07
2.816816816816816882e+01 1.916345710694317281e-07
2.827327327327327566e+01 1.986128952527073260e-07
2.837837837837837895e+01 2.058098053015839587e-07
2.848348348348348580e+01 2.132306925407904150e-07
2.858858858858858909e+01 2.208810251093141967e-07
2.869369369369369593e+01 2.287663468873343609e-07
2.879879879879879923e+01 2.368922763180326251e-07
2.890390390390390607e+01 2.452645051217579129e-07
2.900900900900900936e+01 2.538887969000513127e-07
2.911411411411411621e+01 2.627709856270972321e-07
2.921921921921921950e+01 2.719169740262039673e-07
2.932432432432432634e+01 2.813327318289909856e-07
2.942942942942942963e+01 2.910242939150046711e-07
2.953453453453453648e+01 3.009977583295680016e-07
2.963963963963963977e+01 3.112592841777310631e-07
2.974474474474474661e+01 3.218150893922767127e-07
2.984984984984984990e+01 3.326714483738108717e-07
2.995495495495495675e+01 3.438346895010694255e-07
3.006006006006006004e+01 3.553111925096528483e-07
3.016516516516516688e+01 3.671073857375209574e-07
3.027027027027027017e+01 3.792297432356653803e-07
3.037537537537537702e+01 3.916847817425133195e-07
3.048048048048048031e+01 4.044790575207110162e-07
3.058558558558558715e+01 4.176191630550867195e-07
3.069069069069069045e+01 4.311117236106926004e-07
3.079579579579579729e+01 4.449633936499936102e-07
3.090090090090090058e+01 4.591808531083846785e-07
3.100600600600600742e+01 4.737708035273888530e-07
3.111111111111111072e+01 4.887399640450201149e-07
3.121621621621621756e+01 5.040950672429795205e-07
3.132132132132132085e+01 5.198428548504896934e-07
3.142642642642642770e+01 5.359900733047687251e-07
3.153153153153153454e+01 5.525434691682990216e-07
3.163663663663663783e+01 5.695097844032465843e-07
3.174174174174174468e+01 5.868957515035541917e-07
3.184684684684684797e+01 6.047080884854336481e-07
3.195195195195195481e+01 6.229534937371824832e-07
3.205705705705705810e+01 6.416386407294312206e-07
3.216216216216216139e+01 6.607701725871627051e-07
3.226726726726727179e+01 6.803546965250234881e-07
3.237237237237237508e+01 7.003987781476772422e-07
3.247747747747747837e+01 7.209089356171825791e-07
3.258258258258258167e+01 7.418916336895572163e-07
3.268768768768769206e+01 7.633532776229603257e-07
3.279279279279279535e+01 7.853002069601173816e-07
3.289789789789789864e+01 8.077386891878845745e-07
3.300300300300300194e+01 8.306749132770248723e-07
3.310810810810811233e+01 8.541149831055666029e-07
3.321321321321321562e+01 8.780649107693006138e-07
3.331831831831831892e+01 9.025306097832660915e-07
3.342342342342342221e+01 9.275178881782542704e-07
3.352852852852853260e+01 9.530324414966612282e-07
3.363363363363363590e+01 9.790798456922132411e-07
3.373873873873873919e+01 1.005665549938396706e-06
3.384384384384384248e+01 1.032794869350581225e-06
3.394894894894895288e+01 1.060472977627153959e-06
3.405405405405405617e+01 1.088704899615161845e-06
3.415915915915915946e+01 1.117495503806261003e-06
3.426426426426426275e+01 1.146849494768936238e-06
3.436936936936937315e+01 1.176771405523272639e-06
3.447447447447447644e+01 1.207265589864724366e-06
3.457957957957957973e+01 1.238336214643643330e-06
3.468468468468468302e+01 1.269987252007450333e-06
3.478978978978979342e+01 1.302222471612669188e-06
3.489489489489489671e+01 1.335045432814174825e-06
3.500000000000000000e+01 1.368459476839311254e-06
3.510510510510510329e+01 1.402467718954649031e-06
3.521021021021021369e+01 1.437073040633447878e-06
3.531531531531531698e+01 1.472278081732025857e-06
3.542042042042042027e+01 1.508085232683497370e-06
3.552552552552552356e+01 1.544496626717438425e-06
3.563063063063063396e+01 1.581514132114314123e-06
3.573573573573573725e+01 1.619139344503595479e-06
3.584084084084084054e+01 1.657373579214735965e-06
3.594594594594595094e+01 1.696217863690235987e-06
3.605105105105105423e+01 1.735672929970253491e-06
3.615615615615615752e+01 1.775739207258334487e-06
3.626126126126126081e+01 1.816416814577914584e-06
3.636636636636637121e+01 1.857705553529428777e-06
3.647147147147147450e+01 1.899604901157910745e-06
3.657657657657657779e+01 1.942114002941121132e-06
3.668168168168168108e+01 1.985231665908237908e-06
3.678678678678679148e+01 2.028956351899294168e-06
3.689189189189189477e+01 2.073286170975548315e-06
3.699699699699699806e+01 2.118218874991072981e-06
3.710210210210210136e+01 2.163751851335785751e-06
3.720720720720721175e+01 2.209882116860264594e-06
3.731231231231231504e+01 2.256606311992616570e-06
3.741741741741741833e+01 2.303920695057717970e-06
3.752252252252252163e+01 2.351821136809041498e-06
3.762762762762763202e+01 2.400303115183322590e-06
3.773273273273273531e+01 2.449361710288191968e-06
3.783783783783783861e+01 2.498991599632914283e-06
3.794294294294294190e+01 2.549187053612169374e-06
3.804804804804805229e+01 2.599941931252813543e-06
3.815315315315315559e+01 2.651249676233374852e-06
3.825825825825825888e+01 2.703103313185959789e-06
3.836336336336336217e+01 2.755495444290008531e-06
3.846846846846847257e+01 2.808418246167257231e-06
3.857357357357357586e+01 2.861863467087020997e-06
3.867867867867867915e+01 2.915822424490776950e-06
3.878378378378378244e+01 2.970286002844698531e-06
3.888888888888889284e+01 3.025244651828690594e-06
3.899399399399399613e+01 3.080688384870103796e-06
3.909909909909909942e+01 3.136606778030179346e-06
3.920420420420420271e+01 3.192988969250815216e-06
3.930930930930931311e+01 3.249823657969121680e-06
3.941441441441441640e+01 3.307099105106789357e-06
3.951951951951951969e+01 3.364803133441083292e-06
3.962462462462462298e+01 3.422923128363789976e-06
3.972972972972973338e+01 3.481446039034221892e-06
3.983483483483483667e+01 3.540358379931901753e-06
3.993993993993993996e+01 3.599646232814279678e-06
4.004504504504504325e+01 3.659295249084273295e-06
4.015015015015015365e+01 3.719290652572160257e-06
4.025525525525525694e+01 3.779617242735813564e-06
4.036036036036036023e+01 3.840259398282929960e-06
4.046546546546547063e+01 3.901201081218306672e-06
4.057057057057057392e+01 3.962425841318885452e-06
4.067567567567567721e+01 4.023916821038781885e-06
4.078078078078078050e+01 4.085656760845922028e-06
4.088588588588589090e+01 4.147628004991574298e-06
4.099099099099099419e+01 4.209812507713399593e-06
4.109609609609609748e+01 4.272191839872287323e-06
4.120120120120120077e+01 4.334747196022532638e-06
4.130630630630631117e+01 4.397459401914551044e-06
4.141141141141141446e+01 4.460308922428659931e-06
4.151651651651651775e+01 4.523275869938031377e-06
4.162162162162162105e+01 4.586340013098214125e-06
4.172672672672673144e+01 4.649480786060229641e-06
4.183183183183183473e+01 4.712677298103557636e-06
4.193693693693693803e+01 4.775908343684890267e-06
4.204204204204204132e+01 4.839152412897819281e-06
4.214714714714715171e+01 4.902387702338192650e-06
4.225225225225225500e+01 4.965592126369234334e-06
4.235735735735735830e+01 5.028743328780015984e-06
4.246246246246246159e+01 5.091818694830192606e-06
4.256756756756757198e+01 5.154795363673516960e-06
4.267267267267267528e+01 5.217650241151924100e-06
4.277777777777777857e+01 5.280360012951594592e-06
4.288288288288288186e+01 5.342901158111660420e-06
4.298798798798799226e+01 5.405249962875872843e-06
4.309309309309309555e+01 5.467382534876845873e-06
4.319819819819819884e+01 5.529274817642132464e-06
4.330330330330330213e+01 5.590902605410677296e-06
4.340840840840841253e+01 5.652241558247868146e-06
4.351351351351351582e+01 5.713267217446755652e-06
4.361861861861861911e+01 5.773955021202685144e-06
4.372372372372372240e+01 5.834280320547913385e-06
4.382882882882883280e+01 5.894218395532512841e-06
4.393393393393393609e+01 5.953744471637277434e-06
4.403903903903903938e+01 6.012833736404033693e-06
4.414414414414414267e+01 6.071461356268212369e-06
4.424924924924925307e+01 6.129602493578250103e-06
4.435435435435435636e+01 6.187232323785940979e-06
4.445945945945945965e+01 6.244326052791559631e-06
4.456456456456456294e+01 6.300858934427128645e-06
4.466966966966967334e+01 6.356806288060990400e-06
4.477477477477477663e+01 6.412143516306452999e-06
4.487987987987987992e+01 6.466846122817097833e-06
4.498498498498499032e+01 6.520889730150915351e-06
4.509009009009009361e+01 6.574250097685349205e-06
4.519519519519519690e+01 6.626903139565076517e-06
4.530030030030030019e+01 6.678824942664068285e-06
4.540540540540541059e+01 6.729991784543417157e-06
4.551051051051051388e+01 6.780380151386209770e-06
4.561561561561561717e+01 6.829966755890658149e-06
4.572072072072072046e+01 6.878728555102509013e-06
4.582582582582583086e+01 6.926642768167796400e-06
4.593093093093093415e+01 6.973686893986861601e-06
4.603603603603603744e+01 7.019838728750655835e-06
4.614114114114114074e+01 7.065076383340202214e-06
4.624624624624625113e+01 7.109378300570266327e-06
4.635135135135135442e+01 7.152723272258264441e-06
4.645645645645645772e+01 7.195090456099584865e-06
4.656156156156156101e+01 7.236459392330528515e-06
4.666666666666667140e+01 7.276810020160312707e-06
4.677177177177177470e+01 7.316122693953672890e-06
4.687687687687687799e+01 7.354378199145862945e-06
4.698198198198198128e+01 7.391557767871986003e-06
4.708708708708709167e+01 7.427643094292932459e-06
4.719219219219219497e+01 7.462616349600382288e-06
4.729729729729729826e+01 7.496460196683733635e-06
4.740240240240240155e+01 7.529157804442014493e-06
4.750750750750751195e+01 7.560692861724298432e-06
4.761261261261261524e+01 7.591049590882453679e-06
4.771771771771771853e+01 7.620212760920485130e-06
4.782282282282282182e+01 7.648167700225114288e-06
4.792792792792793222e+01 7.674900308862717292e-06
4.803303303303303551e+01 7.700397070428207936e-06
4.813813813813813880e+01 7.724645063431917564e-06
4.824324324324324209e+01 7.747631972211048939e-06
4.834834834834835249e+01 7.769346097352811372e-06
4.845345345345345578e+01 7.789776365616869603e-06
4.855855855855855907e+01 7.808912339345381784e-06
4.866366366366366236e+01 7.826744225349349188e-06
4.876876876876877276e+01 7.843262883260771029e-06
4.887387387387387605e+01 7.858459833340570457e-06
4.897897897897897934e+01 7.872327263732994680e-06
4.908408408408408263e+01 7.884858037157778333e-06
4.918918918918919303e+01 7.896045697032055475e-06
4.929429429429429632e+01 7.905884473014669641e-06
4.939939939939939961e+01 7.914369285966205668e-06
4.950450450450451001e+01 7.921495752318798779e-06
4.960960960960961330e+01 7.927260187850416841e-06
4.971471471471471659e+01 7.931659610859123107e-06
4.981981981981981988e+01 7.934691744733433271e-06
4.992492492492493028e+01 7.936355019915709041e-06
5.003003003003003357e+01 7.936648575256189436e-06
5.013513513513513686e+01 7.935572258756036878e-06
5.024024024024024015e+01 7.933126627698508724e-06
5.034534534534535055e+01 7.929312948168072938e-06
5.045045045045045384e+01 7.924133193958064243e-06
5.055555555555555713e+01 7.917590044868207184e-06
5.066066066066066043e+01 7.909686884394044083e-06
5.076576576576577082e+01 7.900427796811061387e-06
5.087087087087087411e+01 7.889817563657053315e-06
5.097597597597597741e+01 7.877861659616922402e-06
5.108108108108108070e+01 7.864566247814912728e-06
5.118618618618619109e+01 7.849938174519935710e-06
5.129129129129129439e+01 7.833984963270342912e-06
5.139639639639639768e+01 7.816714808425198242e-06
5.150150150150150097e+01 7.798136568149828711e-06
5.160660660660661136e+01 7.778259756843998714e-06
5.171171171171171466e+01 7.757094537021837151e-06
5.181681681681681795e+01 7.734651710653144764e-06
5.192192192192192124e+01 7.710942709976461242e-06
5.202702702702703164e+01 7.685979587794827280e-06
5.213213213213213493e+01 7.659775007265737519e-06
5.223723723723723822e+01 7.632342231197418979e-06
5.234234234234234151e+01 7.603695110864090480e-06
5.244744744744745191e+01 7.573848074353412555e-06
5.255255255255255520e+01 7.542816114459833672e-06
5.265765765765765849e+01 7.510614776138045147e-06
5.276276276276276178e+01 7.477260143531274645e-06
5.286786786786787218e+01 7.442768826589507314e-06
5.297297297297297547e+01 7.407157947293275013e-06
5.307807807807807876e+01 7.370445125498931083e-06
5.318318318318318205e+01 7.332648464421843099e-06
5.328828828828829245e+01 7.293786535774185060e-06
5.339339339339339574e+01 7.253878364574426394e-06
5.349849849849849903e+01 7.212943413645846363e-06
5.360360360360360232e+01 7.171001567821790416e-06
5.370870870870871272e+01 7.128073117875521405e-06
5.381381381381381601e+01 7.084178744192872632e-06
5.391891891891891930e+01 7.039339500205987633e-06
5.402402402402402970e+01 6.993576795606744994e-06
5.412912912912913299e+01 6.946912379358523259e-06
5.423423423423423628e+01 6.899368322525095663e-06
5.433933933933933957e+01 6.850967000935614666e-06
5.444444444444444997e+01 6.801731077704627653e-06
5.454954954954955326e+01 6.751683485626188800e-06
5.465465465465465655e+01 6.700847409461062688e-06
5.475975975975975985e+01 6.649246268136139716e-06
5.486486486486487024e+01 6.596903696874999604e-06
5.496996996996997353e+01 6.543843529278639708e-06
5.507507507507507682e+01 6.490089779375157035e-06
5.518018018018018012e+01 6.435666623657232142e-06
5.528528528528529051e+01 6.380598383125968315e-06
5.539039039039039380e+01 6.324909505359592869e-06
5.549549549549549710e+01 6.268624546625256321e-06
5.560060060060060039e+01 6.211768154052060197e-06
5.570570570570571078e+01 6.154365047883116390e-06
5.581081081081081408e+01 6.096440003824254682e-06
5.591591591591591737e+01 6.038017835506653651e-06
5.602102102102102066e+01 5.979123377080494019e-06
5.612612612612613106e+01 5.919781465956254088e-06
5.623123123123123435e+01 5.860016925710100855e-06
5.633633633633633764e+01 5.799854549169297668e-06
5.644144144144144093e+01 5.739319081693367108e-06
5.654654654654655133e+01 5.678435204666177792e-06
5.665165165165165462e+01 5.617227519213865404e-06
5.675675675675675791e+01 5.555720530162915516e-06
5.686186186186186120e+01 5.493938630252473185e-06
5.696696696696697160e+01 5.431906084614342914e-06
5.707207207207207489e+01 5.369647015533763094e-06
5.717717717717717818e+01 5.307185387503469840e-06
5.728228228228228147e+01 5.244544992583206834e-06
5.738738738738739187e+01 5.181749436076188973e-06
5.749249249249249516e+01 5.118822122533620177e-06
5.759759759759759845e+01 5.055786242097754177e-06
5.770270270270270174e+01 4.992664757193546630e-06
5.780780780780781214e+01 4.929480389578346362e-06
5.791291291291291543e+01 4.866255607758545857e-06
5.801801801801801872e+01 4.803012614781524080e-06
5.812312312312312201e+01 4.739773336410759067e-06
5.822822822822823241e+01 4.676559409691309192e-06
5.833333333333333570e+01 4.613392171912381784e-06
5.843843843843843899e+01 4.550292649973078429e-06
5.854354354354354939e+01 4.487281550156926825e-06
5.864864864864865268e+01 4.424379248320178079e-06
5.875375375375375597e+01 4.361605780498254521e-06
5.885885885885885926e+01 4.298980833934298599e-06
5.896396396396396966e+01 4.236523738533061062e-06
5.906906906906907295e+01 4.174253458742936347e-06
5.917417417417417624e+01 4.112188585868271220e-06
5.927927927927927954e+01 4.050347330813687329e-06
5.938438438438438993e+01 3.988747517261451038e-06
5.948948948948949322e+01 3.927406575282528373e-06
5.959459459459459651e+01 3.866341535381282716e-06
5.969969969969969981e+01 3.805569022973443829e-06
5.980480480480481020e+01 3.745105253296280096e-06
5.990990990990991349e+01 3.684966026749537846e-06
6.001501501501501679e+01 3.625166724665096229e-06
6.012012012012012008e+01 3.565722305502957503e-06
6.022522522522523047e+01 3.506647301470565316e-06
6.033033033033033377e+01 3.447955815562103536e-06
6.043543543543543706e+01 3.389661519013867396e-06
6.054054054054054035e+01 3.331777649171506532e-06
6.064564564564565075e+01 3.274317007764371111e-06
6.075075075075075404e+01 3.217291959581901303e-06
6.085585585585585733e+01 3.160714431546487464e-06
6.096096096096096062e+01 3.104595912176997580e-06
6.106606606606607102e+01 3.048947451436653967e-06
6.117117117117117431e+01 2.993779660958706560e-06
6.127627627627627760e+01 2.939102714642897847e-06
6.138138138138138089e+01 2.884926349615545066e-06
6.148648648648649129e+01 2.831259867545607064e-06
6.159159159159159458e+01 2.778112136308934203e-06
6.169669669669669787e+01 2.725491591992521957e-06
6.180180180180180116e+01 2.673406241230445244e-06
6.190690690690691156e+01 2.621863663862815130e-06
6.201201201201201485e+01 2.570871015908936888e-06
6.211711711711711814e+01 2.520435032845573999e-06
6.222222222222222143e+01 2.470562033181134956e-06
6.232732732732733183e+01 2.421257922316308833e-06
6.243243243243243512e+01 2.372528196681622604e-06
6.253753753753753841e+01 2.324377948142129779e-06
6.264264264264264170e+01 2.276811868659468741e-06
6.274774774774775210e+01 2.229834255201262737e-06
6.285285285285285539e+01 2.183449014887860204e-06
6.295795795795795868e+01 2.137659670366234507e-06
6.306306306306306908e+01 2.092469365400900716e-06
6.316816816816817237e+01 2.047880870671585078e-06
6.327327327327327566e+01 2.003896589767342610e-06
6.337837837837837895e+01 1.960518565366886833e-06
6.348348348348348935e+01 1.917748485594783452e-06
6.358858858858859264e+01 1.875587690543257617e-06
6.369369369369369593e+01 1.834037178949305728e-06
6.379879879879879923e+01 1.793097615016935960e-06
6.390390390390390962e+01 1.752769335374324838e-06
6.400900900900900581e+01 1.713052356155803585e-06
6.411411411411411621e+01 1.673946380198588650e-06
6.421921921921922660e+01 1.635450804344394387e-06
6.432432432432432279e+01 1.597564726835986060e-06
6.442942942942943318e+01 1.560286954798968294e-06
6.453453453453454358e+01 1.523616011799242994e-06
6.463963963963963977e+01 1.487550145466558717e-06
6.474474474474475016e+01 1.452087335174851683e-06
6.484984984984984635e+01 1.417225299770237485e-06
6.495495495495495675e+01 1.382961505337488364e-06
6.506006006006006714e+01 1.349293172996288569e-06
6.516516516516516333e+01 1.316217286718448917e-06
6.527027027027027373e+01 1.283730601157632015e-06
6.537537537537538412e+01 1.251829649483310969e-06
6.548048048048048031e+01 1.220510751210765871e-06
6.558558558558559071e+01 1.189770020019252753e-06
6.569069069069068689e+01 1.159603371550681246e-06
6.579579579579579729e+01 1.130006531181211960e-06
6.590090090090090769e+01 1.100975041758637132e-06
6.600600600600600387e+01 1.072504271298393650e-06
6.611111111111111427e+01 1.044589420631443235e-06
6.621621621621622467e+01 1.017225530997475788e-06
6.632132132132132085e+01 9.904074915770107453e-07
6.642642642642643125e+01 9.641300469563325431e-07
6.653153153153152743e+01 9.383878045194286633e-07
6.663663663663663783e+01 9.131752417612002104e-07
6.674174174174174823e+01 8.884867135166848286e-07
6.684684684684684441e+01 8.643164591010452264e-07
6.695195195195195481e+01 8.406586093554746825e-07
6.705705705705706521e+01 8.175071935943897549e-07
6.716216216216216139e+01 7.948561464494400832e-07
6.726726726726727179e+01 7.726993146062035639e-07
6.737237237237238219e+01 7.510304634296669464e-07
6.747747747747747837e+01 7.298432834747548468e-07
6.758258258258258877e+01 7.091313968784914129e-07
6.768768768768768496e+01 6.888883636306148786e-07
6.779279279279279535e+01 6.691076877196047958e-07
6.789789789789790575e+01 6.497828231514653288e-07
6.800300300300300194e+01 6.309071798386849745e-07
6.810810810810811233e+01 6.124741293571183290e-07
6.821321321321322273e+01 5.944770105687556447e-07
6.831831831831831892e+01 5.769091351084845202e-07
6.842342342342342931e+01 5.597637927332505569e-07
6.852852852852852550e+01 5.430342565322221339e-07
6.863363363363363590e+01 5.267137879966939371e-07
6.873873873873874629e+01 5.107956419487938028e-07
6.884384384384384248e+01 4.952730713281308064e-07
6.894894894894895288e+01 4.801393318357945325e-07
6.905405405405406327e+01 4.653876864352978389e-07
6.915915915915915946e+01 4.510114097101844406e-07
6.926426426426426985e+01 4.370037920782568975e-07
6.936936936936936604e+01 4.233581438625499961e-07
6.947447447447447644e+01 4.100677992192807117e-07
6.957957957957958683e+01 3.971261199232664024e-07
6.968468468468468302e+01 3.845264990113562454e-07
6.978978978978979342e+01 3.722623642846417413e-07
6.989489489489490381e+01 3.603271816703456754e-07
7.000000000000000000e+01 3.487144584443862822e-07
7.010510510510511040e+01 3.374177463157926128e-07
7.021021021021020658e+01 3.264306443742716181e-07
7.031531531531531698e+01 3.157468019022964417e-07
7.042042042042042738e+01 3.053599210532861088e-07
7.052552552552552356e+01 2.952637593974691405e-07
7.063063063063063396e+01 2.854521323371874676e-07
7.073573573573574436e+01 2.759189153934833654e-07
7.084084084084084054e+01 2.666580463658758677e-07
7.094594594594595094e+01 2.576635273673505412e-07
7.105105105105104712e+01 2.489294267366722059e-07
7.115615615615615752e+01 2.404498808301589398e-07
7.126126126126126792e+01 2.322190956951966503e-07
7.136636636636636410e+01 2.242313486277677318e-07
7.147147147147147450e+01 2.164809896163733864e-07
7.157657657657658490e+01 2.089624426747756459e-07
7.168168168168168108e+01 2.016702070660101661e-07
7.178678678678679148e+01 1.945988584201905148e-07
7.189189189189190188e+01 1.877430497486640545e-07
7.199699699699699806e+01 1.810975123570866720e-07
7.210210210210210846e+01 1.746570566600410719e-07
7.220720720720720465e+01 1.684165728998471467e-07
7.231231231231231504e+01 1.623710317722014495e-07
7.241741741741742544e+01 1.565154849613493387e-07
7.252252252252252163e+01 1.508450655874569702e-07
7.262762762762763202e+01 1.453549885688873416e-07
7.273273273273274242e+01 1.400405509020877449e-07
7.283783783783783861e+01 1.348971318617749921e-07
7.294294294294294900e+01 1.299201931241223287e-07
7.304804804804804519e+01 1.251052788156451457e-07
7.315315315315315559e+01 1.204480154904461807e-07
7.325825825825826598e+01 1.159441120385078566e-07
7.336336336336336217e+01 1.115893595276619004e-07
7.346846846846847257e+01 1.073796309818744851e-07
7.357357357357358296e+01 1.033108810984568032e-07
7.367867867867867915e+01 9.937914590677127193e-08
7.378378378378378954e+01 9.558054237099428358e-08
7.388888888888888573e+01 9.191126793946152393e-08
7.399399399399399613e+01 8.836760004307482072e-08
7.409909909909910652e+01 8.494589554524111816e-08
7.420420420420420271e+01 8.164259014575071309e-08
7.430930930930931311e+01 7.845419774098068559e-08
7.441441441441442350e+01 7.537730974276817751e-08
7.451951951951951969e+01 7.240859435824340634e-08
7.462462462462463009e+01 6.954479583288294675e-08
7.472972972972972627e+01 6.678273365899749017e-08
7.483483483483483667e+01 6.411930175180843125e-08
7.493993993993994707e+01 6.155146759524329116e-08
7.504504504504504325e+01 5.907627135950984275e-08
7.515015015015015365e+01 5.669082499247329337e-08
7.525525525525526405e+01 5.439231128681056203e-08
7.536036036036036023e+01 5.217798292485620362e-08
7.546546546546547063e+01 5.004516150301217422e-08
7.557057057057056682e+01 4.799123653754326004e-08
7.567567567567567721e+01 4.601366445351581609e-08
7.578078078078078761e+01 4.410996755860388407e-08
7.588588588588588379e+01 4.227773300341650148e-08
7.599099099099099419e+01 4.051461172995917761e-08
7.609609609609610459e+01 3.881831740978841449e-08
7.620120120120120077e+01 3.718662537335942127e-08
7.630630630630631117e+01 3.561737153202231040e-08
7.641141141141142157e+01 3.410845129406841027e-08
7.651651651651651775e+01 3.265781847617253014e-08
7.662162162162162815e+01 3.126348421152936142e-08
7.672672672672672434e+01 2.992351585593381900e-08
7.683183183183183473e+01 2.863603589299526483e-08
7.693693693693694513e+01 2.739922083963823715e-08
7.704204204204204132e+01 2.621130015298106411e-08
7.714714714714715171e+01 2.507055513964307630e-08
7.725225225225226211e+01 2.397531786848082046e-08
7.735735735735735830e+01 2.292397008770382394e-08
7.746246246246246869e+01 2.191494214727694983e-08
7.756756756756756488e+01 2.094671192747130809e-08
7.767267267267267528e+01 2.001780377437563999e-08
7.777777777777778567e+01 1.912678744314332691e-08
7.788288288288288186e+01 1.827227704970051056e-08
7.798798798798799226e+01 1.745293003160195722e-08
7.809309309309310265e+01 1.666744611868107463e-08
7.819819819819819884e+01 1.591456631409581901e-08
7.830330330330330924e+01 1.519307188633717051e-08
7.840840840840840542e+01 1.450178337272738060e-08
7.851351351351351582e+01 1.383955959489546389e-08
7.861861861861862621e+01 1.320529668668562814e-08
7.872372372372372240e+01 1.259792713491422458e-08
7.882882882882883280e+01 1.201641883336014384e-08
7.893393393393394319e+01 1.145977415033958214e-08
7.903903903903903938e+01 1.092702901018214185e-08
7.914414414414414978e+01 1.041725198889662477e-08
7.924924924924924596e+01 9.929543424284123855e-09
7.935435435435435636e+01 9.463034540725262556e-09
7.945945945945946676e+01 9.016886588843860599e-09
7.956456456456456294e+01 8.590290000218892791e-09
7.966966966966967334e+01 8.182463557292910440e-09
7.977477477477478374e+01 7.792653578600291076e-09
7.987987987987987992e+01 7.420133119412935381e-09
7.998498498498499032e+01 7.064201187880119925e-09
8.009009009009008651e+01 6.724181976716958992e-09
8.019519519519519690e+01 6.399424110473476653e-09
8.030030030030030730e+01 6.089299908399031904e-09
8.040540540540540349e+01 5.793204662894979000e-09
8.051051051051051388e+01 5.510555933532393648e-09
8.061561561561562428e+01 5.240792856593906372e-09
8.072072072072072046e+01 4.983375470081734641e-09
8.082582582582583086e+01 4.737784054119379096e-09
8.093093093093094126e+01 4.503518486659989308e-09
8.103603603603603744e+01 4.280097614399525978e-09
8.114114114114114784e+01 4.067058638781145186e-09
8.124624624624624403e+01 3.863956516964710963e-09
8.135135135135135442e+01 3.670363377623237432e-09
8.145645645645646482e+01 3.485867951418820560e-09
8.156156156156156101e+01 3.310075015999328098e-09
8.166666666666667140e+01 3.142604855348740278e-09
8.177177177177178180e+01 2.983092733315633798e-09
8.187687687687687799e+01 2.831188381135636100e-09
8.198198198198198838e+01 2.686555498757309286e-09
8.208708708708708457e+01 2.548871269774163749e-09
8.219219219219219497e+01 2.417825889758918011e-09
8.229729729729730536e+01 2.293122107791832388e-09
8.240240240240240155e+01 2.174474780968870895e-09
8.250750750750751195e+01 2.061610441672062656e-09
8.261261261261262234e+01 1.954266877380376357e-09
8.271771771771771853e+01 1.852192722795750022e-09
8.282282282282282893e+01 1.755147064056605411e-09
8.292792792792792511e+01 1.662899054808677203e-09
8.303303303303303551e+01 1.575227543900651397e-09
8.313813813813814591e+01 1.491920714471286143e-09
8.324324324324324209e+01 1.412775734192806843e-09
8.334834834834835249e+01 1.337598416435168376e-09
8.345345345345346288e+01 1.266202892115185697e-09
8.355855855855855907e+01 1.198411291994313802e-09
8.366366366366366947e+01 1.134053439189348781e-09
8.376876876876876565e+01 1.072966551660881894e-09
8.387387387387387605e+01 1.014994954444854560e-09
8.397897897897898645e+01 9.599898013942226927e-10
8.408408408408408263e+01 9.078088061985524917e-10
8.418918918918919303e+01 8.583159824513444411e-10
8.429429429429430343e+01 8.113813925366705642e-10
8.439939939939939961e+01 7.668809051085048397e-10
8.450450450450451001e+01 7.246959609386530065e-10
8.460960960960960620e+01 6.847133469114951963e-10
8.471471471471471659e+01 6.468249779461696836e-10
8.481981981981982699e+01 6.109276866298846457e-10
8.492492492492492318e+01 5.769230203485664865e-10
8.503003003003003357e+01 5.447170457042864156e-10
8.513513513513514397e+01 5.142201600119799513e-10
8.524024024024024015e+01 4.853469096710740814e-10
8.534534534534535055e+01 4.580158152110941205e-10
8.545045045045046095e+01 4.321492028136977172e-10
8.555555555555555713e+01 4.076730421169537075e-10
8.566066066066066753e+01 3.845167901113459056e-10
8.576576576576576372e+01 3.626132409405521891e-10
8.587087087087087411e+01 3.418983814236016143e-10
8.597597597597598451e+01 3.223112521188534676e-10
8.608108108108108070e+01 3.037938137537969122e-10
8.618618618618619109e+01 2.862908188485154566e-10
8.629129129129130149e+01 2.697496883644095074e-10
8.639639639639639768e+01 2.541203932134557773e-10
8.650150150150150807e+01 2.393553404671512973e-10
8.660660660660660426e+01 2.254092641080281484e-10
8.671171171171171466e+01 2.122391201703301799e-10
8.681681681681682505e+01 1.998039861203070721e-10
8.692192192192192124e+01 1.880649643301948785e-10
8.702702702702703164e+01 1.769850895037442847e-10
8.713213213213214203e+01 1.665292399148231118e-10
8.723723723723723822e+01 1.566640523242450466e-10
8.734234234234234862e+01 1.473578404436272143e-10
8.744744744744744480e+01 1.385805168186713945e-10
8.755255255255255520e+01 1.303035180077506373e-10
8.765765765765766560e+01 1.224997329352609788e-10
8.776276276276276178e+01 1.151434343025706943e-10
8.786786786786787218e+01 1.082102129428597274e-10
8.797297297297298257e+01 1.016769150094767636e-10
8.807807807807807876e+01 9.552158189072253176e-11
8.818318318318318916e+01 8.972339274723794398e-11
8.828828828828828534e+01 8.426260957136136164e-11
8.839339339339339574e+01 7.912052467092256228e-11
8.849849849849850614e+01 7.427941048305483673e-11
8.860360360360360232e+01 6.972247162657896541e-11
8.870870870870871272e+01 6.543379910448551573e-11
8.881381381381382312e+01 6.139832657093204551e-11
8.891891891891891930e+01 5.760178857997972044e-11
8.902402402402402970e+01 5.403068073607610770e-11
8.912912912912912589e+01 5.067222166899050225e-11
8.923423423423423628e+01 4.751431675852752608e-11
8.933933933933934668e+01 4.454552353694811082e-11
8.944444444444444287e+01 4.175501869951167585e-11
8.954954954954955326e+01 3.913256665601663230e-11
8.965465465465466366e+01 3.666848955860279140e-11
8.975975975975975985e+01 3.435363874338911913e-11
8.986486486486487024e+01 3.217936752579582673e-11
8.996996996996998064e+01 3.013750529159335354e-11
9.007507507507507682e+01 2.822033282785538667e-11
9.018018018018018722e+01 2.642055884007636145e-11
9.028528528528528341e+01 2.473129760373397818e-11
9.039039039039039380e+01 2.314604770052594651e-11
9.049549549549550420e+01 2.165867179142708889e-11
9.060060060060060039e+01 2.026337738054201815e-11
9.070570570570571078e+01 1.895469852552522128e-11
9.081081081081082118e+01 1.772747845207159612e-11
9.091591591591591737e+01 1.657685303165281750e-11
9.102102102102102776e+01 1.549823508330440018e-11
9.112612612612612395e+01 1.448729946183918080e-11
9.123123123123123435e+01 1.353996889637758130e-11
9.133633633633634474e+01 1.265240054456349356e-11
9.144144144144144093e+01 1.182097322924574977e-11
9.154654654654655133e+01 1.104227532578312578e-11
9.165165165165166172e+01 1.031309326945426685e-11
9.175675675675675791e+01 9.630400653729901383e-12
9.186186186186186831e+01 8.991347891401582389e-12
9.196696696696696449e+01 8.393252411750095531e-12
9.207207207207207489e+01 7.833589368081628154e-12
9.217717717717718529e+01 7.309982831068745398e-12
9.228228228228228147e+01 6.820197444394249194e-12
9.238738738738739187e+01 6.362130520223788838e-12
9.249249249249250227e+01 5.933804553019747046e-12
9.259759759759759845e+01 5.533360131156728153e-12
9.270270270270270885e+01 5.159049226714586548e-12
9.280780780780780503e+01 4.809228844702362802e-12
9.291291291291291543e+01 4.482355013809415445e-12
9.301801801801802583e+01 4.176977101593490932e-12
9.312312312312312201e+01 3.891732437791842297e-12
9.322822822822823241e+01 3.625341230191168106e-12
9.333333333333334281e+01 3.376601758209510470e-12
9.343843843843843899e+01 3.144385830031334262e-12
9.354354354354354939e+01 2.927634489798242049e-12
9.364864864864864558e+01 2.725353961991235213e-12
9.375375375375375597e+01 2.536611820746372209e-12
9.385885885885886637e+01 2.360533372428882105e-12
9.396396396396396256e+01 2.196298240346271573e-12
9.406906906906907295e+01 2.043137141015532628e-12
9.417417417417418335e+01 1.900328841909742636e-12
9.427927927927927954e+01 1.767197291097591279e-12
9.438438438438438993e+01 1.643108909657172723e-12
9.448948948948950033e+01 1.527470038192216659e-12
9.459459459459459651e+01 1.419724529205742996e-12
9.469969969969970691e+01 1.319351477494794368e-12
9.480480480480480310e+01 1.225863081119975882e-12
9.490990990990991349e+01 1.138802625875488339e-12
9.501501501501502389e+01 1.057742586541763135e-12
9.512012012012012008e+01 9.822828385415526200e-13
9.522522522522523047e+01 9.120489739446194721e-13
9.533033033033034087e+01 8.466907160751174280e-13
9.543543543543543706e+01 7.858804272700707943e-13
9.554054054054054745e+01 7.293117046184714890e-13
9.564564564564564364e+01 6.766980587781697252e-13
9.575075075075075404e+01 6.277716712224283247e-13
9.585585585585586443e+01 5.822822255112862647e-13
9.596096096096096062e+01 5.399958084137606181e-13
9.606606606606607102e+01 5.006938769272452773e-13
9.617117117117118141e+01 4.641722874498850303e-13
9.627627627627627760e+01 4.302403835608854607e-13
9.638138138138138800e+01 3.987201390532974854e-13
9.648648648648648418e+01 3.694453530440520662e-13
9.659159159159159458e+01 3.422608941570869205e-13
9.669669669669670498e+01 3.170219909383925356e-13
9.680180180180180116e+01 2.935935658161787390e-13
9.690690690690691156e+01 2.718496100662964812e-13
9.701201201201202196e+01 2.516725973824327064e-13
9.711711711711711814e+01 2.329529337828276493e-13
9.722222222222222854e+01 2.155884417108634532e-13
9.732732732732732472e+01 1.994838763059766361e-13
9.743243243243243512e+01 1.845504719341792354e-13
9.753753753753754552e+01 1.707055171747194676e-13
9.764264264264264170e+01 1.578719565607319382e-13
9.774774774774775210e+01 1.459780174680313743e-13
9.785285285285286250e+01 1.349568606372579924e-13
9.795795795795795868e+01 1.247462529008522864e-13
9.806306306306306908e+01 1.152882607680696536e-13
9.816816816816816527e+01 1.065289635985716556e-13
9.827327327327327566e+01 9.841818516826508227e-14
9.837837837837838606e+01 9.090924250036237903e-14
9.848348348348348225e+01 8.395871090004484963e-14
9.858858858858859264e+01 7.752620419306901193e-14
9.869369369369370304e+01 7.157416922717743059e-14
9.879879879879879923e+01 6.606769375045720784e-14
9.890390390390390962e+01 6.097432683308578080e-14
9.900900900900902002e+01 5.626391104824441156e-14
9.911411411411411621e+01 5.190842567458986181e-14
9.921921921921922660e+01 4.788184022668704788e-14
9.932432432432432279e+01 4.415997766134532870e-14
9.942942942942943318e+01 4.072038664696777687e-14
9.953453453453454358e+01 3.754222232002394435e-14
9.963963963963963977e+01 3.460613498759281345e-14
9.974474474474475016e+01 3.189416626781556804e-14
9.984984984984986056e+01 2.938965219108133524e-14
9.995495495495495675e+01 2.707713281396222128e-14
1.000600600600600671e+02 2.494226792543482969e-14
1.001651651651651633e+02 2.297175845084083999e-14
1.002702702702702737e+02 2.115327318342903093e-14
1.003753753753753841e+02 1.947538049630963103e-14
1.004804804804804803e+02 1.792748470926150226e-14
1.005855855855855907e+02 1.649976680518366504e-14
1.006906906906907011e+02 1.518312921012405430e-14
1.007957957957957973e+02 1.396914436881182286e-14
1.009009009009009077e+02 1.285000686455128615e-14
1.010060060060060039e+02 1.181848884824441006e-14
1.011111111111111143e+02 1.086789855625647636e-14
1.012162162162162247e+02 9.992041710895967943e-15
1.013213213213213209e+02 9.185185610468563329e-15
1.014264264264264312e+02 8.442025728263155100e-15
1.015315315315315416e+02 7.757654651461747521e-15
1.016366366366366378e+02 7.127533201885531678e-15
1.017417417417417482e+02 6.547463590739593626e-15
1.018468468468468444e+02 6.013564469135895790e-15
1.019519519519519548e+02 5.522247745189194643e-15
1.020570570570570652e+02 5.070197046943579692e-15
1.021621621621621614e+02 4.654347718312064859e-15
1.022672672672672718e+02 4.271868242646405932e-15
1.023723723723723822e+02 3.920142995518713209e-15
1.024774774774774784e+02 3.596756234818861346e-15
1.025825825825825888e+02 3.299477242385438293e-15
1.026876876876876850e+02 3.026246537109267383e-15
1.027927927927927954e+02 2.775163084805122713e-15
1.028978978978979058e+02 2.544472435163107704e-15
1.030030030030030019e+02 2.332555720781675332e-15
1.031081081081081123e+02 2.137919457674372119e-15
1.032132132132132227e+02 1.959186090748282793e-15
1.033183183183183189e+02 1.795085231589886655e-15
1.034234234234234293e+02 1.644445539484012336e-15
1.035285285285285397e+02 1.506187199945701163e-15
1.036336336336336359e+02 1.379314958178528470e-15
1.037387387387387463e+02 1.262911667801753635e-15
1.038438438438438425e+02 1.156132317923639892e-15
1.039489489489489529e+02 1.058198504191151717e-15
1.040540540540540633e+02 9.683933118315842899e-16
1.041591591591591595e+02 8.860565809258052549e-16
1.042642642642642699e+02 8.105805262297535430e-16
1.043693693693693803e+02 7.414056857979381693e-16
1.044744744744744764e+02 6.780171744690663745e-16
1.045795795795795868e+02 6.199412199590183300e-16
1.046846846846846830e+02 5.667419608770160693e-16
1.047897897897897934e+02 5.180184874445622679e-16
1.048948948948949038e+02 4.734021070612433311e-16
1.050000000000000000e+02 4.325538181321197170e-16
