# radius_AU intensity_Jy_per_sr
0.000000000000000000e+00 1.169104815006348435e-08
1.051051051051051094e-01 1.228040799180586528e-08
2.102102102102102188e-01 1.289725177873204210e-08
3.153153153153153143e-01 1.354274174995748008e-08
4.204204204204204376e-01 1.421808321463234730e-08
5.255255255255255609e-01 1.492452585467048164e-08
6.306306306306306286e-01 1.566336505331640937e-08
7.357357357357358074e-01 1.643594324942971688e-08
8.408408408408408752e-01 1.724365131732690112e-08
9.459459459459459429e-01 1.808792997198262545e-08
1.051051051051051122e+00 1.897027119934976413e-08
1.156156156156156189e+00 1.989221971151607063e-08
1.261261261261261257e+00 2.085537442636946314e-08
1.366366366366366325e+00 2.186138997139860401e-08
1.471471471471471615e+00 2.291197821120642121e-08
1.576576576576576683e+00 2.400890979826581699e-08
1.681681681681681750e+00 2.515401574639326986e-08
1.786786786786786818e+00 2.634918902636495324e-08
1.891891891891891886e+00 2.759638618304305397e-08
1.996996996996997176e+00 2.889762897332484066e-08
2.102102102102102243e+00 3.025500602416680673e-08
2.207207207207207311e+00 3.167067450987784343e-08
2.312312312312312379e+00 3.314686184781172554e-08
2.417417417417417447e+00 3.468586741152693169e-08
2.522522522522522515e+00 3.629006426041539920e-08
2.627627627627627582e+00 3.796190088473595929e-08
2.732732732732732650e+00 3.970390296491847767e-08
2.837837837837838162e+00 4.151867514393569500e-08
2.942942942942943230e+00 4.340890281146683814e-08
3.048048048048048297e+00 4.537735389850566375e-08
3.153153153153153365e+00 4.742688068098826456e-08
3.258258258258258433e+00 4.956042159094334222e-08
3.363363363363363501e+00 5.178100303358639480e-08
3.468468468468468568e+00 5.409174120870474166e-08
3.573573573573573636e+00 5.649584393459596223e-08
3.678678678678678704e+00 5.899661247274597976e-08
3.783783783783783772e+00 6.159744335134591598e-08
3.888888888888888840e+00 6.430183018566890181e-08
3.993993993993994351e+00 6.711336549323910465e-08
4.099099099099099419e+00 7.003574250164465830e-08
4.204204204204204487e+00 7.307275694675771972e-08
4.309309309309309555e+00 7.622830885904018685e-08
4.414414414414414622e+00 7.950640433552606284e-08
4.519519519519519690e+00 8.291115729498655022e-08
4.624624624624624758e+00 8.644679121369397444e-08
4.729729729729729826e+00 9.011764083911498029e-08
4.834834834834834894e+00 9.392815387877552502e-08
4.939939939939939961e+00 9.788289266145374174e-08
5.045045045045045029e+00 1.019865357677695026e-07
5.150150150150150097e+00 1.062438796271514853e-07
5.255255255255255165e+00 1.106598400780793530e-07
5.360360360360360232e+00 1.152394538884120479e-07
5.465465465465465300e+00 1.199878802325297779e-07
5.570570570570570368e+00 1.249104021219320080e-07
5.675675675675676324e+00 1.300124277858550929e-07
5.780780780780781392e+00 1.352994919983919716e-07
5.885885885885886459e+00 1.407772573485158054e-07
5.990990990990991527e+00 1.464515154493333837e-07
6.096096096096096595e+00 1.523281880828235496e-07
6.201201201201201663e+00 1.584133282762331431e-07
6.306306306306306730e+00 1.647131213062479015e-07
6.411411411411411798e+00 1.712338856269697009e-07
6.516516516516516866e+00 1.779820737176871106e-07
6.621621621621621934e+00 1.849642728463450987e-07
6.726726726726727001e+00 1.921872057445796816e-07
6.831831831831832069e+00 1.996577311901107254e-07
6.936936936936937137e+00 2.073828444922539267e-07
7.042042042042042205e+00 2.153696778762470823e-07
7.147147147147147273e+00 2.236255007620607522e-07
7.252252252252252340e+00 2.321577199333089371e-07
7.357357357357357408e+00 2.409738795918563397e-07
7.462462462462462476e+00 2.500816612936781979e-07
7.567567567567567544e+00 2.594888837615132989e-07
7.672672672672672611e+00 2.692035025698265390e-07
7.777777777777777679e+00 2.792336096975929446e-07
7.882882882882883635e+00 2.895874329443939745e-07
7.987987987987988703e+00 3.002733352053369883e-07
8.093093093093093771e+00 3.112998136002919303e-07
8.198198198198198838e+00 3.226754984529696116e-07
8.303303303303303906e+00 3.344091521153751344e-07
8.408408408408408974e+00 3.465096676331973161e-07
8.513513513513514042e+00 3.589860672477297019e-07
8.618618618618619109e+00 3.718475007299599923e-07
8.723723723723724177e+00 3.851032435425123063e-07
8.828828828828829245e+00 3.987626948251758282e-07
8.933933933933934313e+00 4.128353751998303066e-07
9.039039039039039380e+00 4.273309243906394910e-07
9.144144144144144448e+00 4.422590986554724771e-07
9.249249249249249516e+00 4.576297680245923918e-07
9.354354354354354584e+00 4.734529133427568318e-07
9.459459459459459651e+00 4.897386231109852161e-07
9.564564564564564719e+00 5.064970901243483224e-07
9.669669669669669787e+00 5.237386079022765744e-07
9.774774774774774855e+00 5.414735669080022291e-07
9.879879879879879923e+00 5.597124505539134576e-07
9.984984984984984990e+00 5.784658309897306608e-07
1.009009009009009006e+01 5.977443646705856139e-07
1.019519519519519513e+01 6.175587877022620194e-07
1.030030030030030019e+01 6.379199109610280989e-07
1.040540540540540526e+01 6.588386149856913312e-07
1.051051051051051033e+01 6.803258446396923214e-07
1.061561561561561540e+01 7.023926035412830618e-07
1.072072072072072046e+01 7.250499482600452234e-07
1.082582582582582553e+01 7.483089822782356804e-07
1.093093093093093060e+01 7.721808497156783394e-07
1.103603603603603567e+01 7.966767288171878474e-07
1.114114114114114074e+01 8.218078252017530007e-07
1.124624624624624758e+01 8.475853648729875184e-07
1.135135135135135265e+01 8.740205869906152446e-07
1.145645645645645772e+01 9.011247364030668609e-07
1.156156156156156278e+01 9.289090559415474620e-07
1.166666666666666785e+01 9.573847784762300686e-07
1.177177177177177292e+01 9.865631187355562604e-07
1.187687687687687799e+01 1.016455264889946664e-06
1.198198198198198305e+01 1.047072369901546647e-06
1.208708708708708812e+01 1.078425542641955502e-06
1.219219219219219319e+01 1.110525838780263374e-06
1.229729729729729826e+01 1.143384251444049479e-06
1.240240240240240333e+01 1.177011701656356625e-06
1.250750750750750839e+01 1.211419028552019364e-06
1.261261261261261346e+01 1.246616979377101743e-06
1.271771771771771853e+01 1.282616199275575191e-06
1.282282282282282360e+01 1.319427220867750398e-06
1.292792792792792866e+01 1.357060453625343361e-06
1.303303303303303373e+01 1.395526173048478228e-06
1.313813813813813880e+01 1.434834509650310752e-06
1.324324324324324387e+01 1.474995437755349814e-06
1.334834834834834894e+01 1.516018764117951940e-06
1.345345345345345400e+01 1.557914116367883251e-06
1.355855855855855907e+01 1.600690931290240932e-06
1.366366366366366414e+01 1.644358442947434623e-06
1.376876876876876921e+01 1.688925670651307336e-06
1.387387387387387427e+01 1.734401406793942918e-06
1.397897897897897934e+01 1.780794204546047098e-06
1.408408408408408441e+01 1.828112365432244916e-06
1.418918918918918948e+01 1.876363926792999606e-06
1.429429429429429455e+01 1.925556649143288764e-06
1.439939939939939961e+01 1.975698003438554324e-06
1.450450450450450468e+01 2.026795158258836569e-06
1.460960960960960975e+01 2.078854966922393917e-06
1.471471471471471482e+01 2.131883954540482723e-06
1.481981981981981988e+01 2.185888305025363912e-06
1.492492492492492495e+01 2.240873848063943798e-06
1.503003003003003002e+01 2.296846046069851558e-06
1.513513513513513509e+01 2.353809981127066710e-06
1.524024024024024015e+01 2.411770341938597019e-06
1.534534534534534522e+01 2.470731410793989761e-06
1.545045045045045029e+01 2.530697050569828566e-06
1.555555555555555536e+01 2.591670691777633193e-06
1.566066066066066043e+01 2.653655319673912033e-06
1.576576576576576727e+01 2.716653461447376358e-06
1.587087087087087234e+01 2.780667173498595508e-06
1.597597597597597741e+01 2.845698028827651316e-06
1.608108108108108070e+01 2.911747104545549133e-06
1.618618618618618754e+01 2.978814969525396487e-06
1.629129129129129083e+01 3.046901672209539993e-06
1.639639639639639768e+01 3.116006728589087860e-06
1.650150150150150097e+01 3.186129110372313554e-06
1.660660660660660781e+01 3.257267233358725830e-06
1.671171171171171110e+01 3.329418946035566655e-06
1.681681681681681795e+01 3.402581518413757297e-06
1.692192192192192124e+01 3.476751631120250608e-06
1.702702702702702808e+01 3.551925364763966048e-06
1.713213213213213137e+01 3.628098189592368823e-06
1.723723723723723822e+01 3.705264955455948043e-06
1.734234234234234151e+01 3.783419882097643816e-06
1.744744744744744835e+01 3.862556549784475237e-06
1.755255255255255165e+01 3.942667890298328977e-06
1.765765765765765849e+01 4.023746178303025740e-06
1.776276276276276178e+01 4.105783023104455756e-06
1.786786786786786863e+01 4.188769360820665077e-06
1.797297297297297547e+01 4.272695446978408156e-06
1.807807807807807876e+01 4.357550849552687631e-06
1.818318318318318561e+01 4.443324442465481688e-06
1.828828828828828890e+01 4.530004399559621336e-06
1.839339339339339574e+01 4.617578189063648625e-06
1.849849849849849903e+01 4.706032568562985430e-06
1.860360360360360588e+01 4.795353580492672087e-06
1.870870870870870917e+01 4.885526548166348183e-06
1.881381381381381601e+01 4.976536072356021610e-06
1.891891891891891930e+01 5.068366028436527375e-06
1.902402402402402615e+01 5.160999564108398106e-06
1.912912912912912944e+01 5.254419097712199877e-06
1.923423423423423628e+01 5.348606317147082046e-06
1.933933933933933957e+01 5.443542179405661299e-06
1.944444444444444642e+01 5.539206910736927262e-06
1.954954954954954971e+01 5.635580007448194661e-06
1.965465465465465655e+01 5.732640237356694176e-06
1.975975975975975985e+01 5.830365641900590304e-06
1.986486486486486669e+01 5.928733538918814742e-06
1.996996996996996998e+01 6.027720526108212729e-06
2.007507507507507682e+01 6.127302485166043223e-06
2.018018018018018012e+01 6.227454586624971714e-06
2.028528528528528696e+01 6.328151295387167606e-06
2.039039039039039025e+01 6.429366376963168591e-06
2.049549549549549710e+01 6.531072904420634016e-06
2.060060060060060039e+01 6.633243266047102132e-06
2.070570570570570723e+01 6.735849173730261328e-06
2.081081081081081052e+01 6.838861672058273913e-06
2.091591591591591737e+01 6.942251148141965090e-06
2.102102102102102066e+01 7.045987342159754647e-06
2.112612612612612750e+01 7.150039358625428786e-06
2.123123123123123079e+01 7.254375678377859305e-06
2.133633633633633764e+01 7.358964171291021803e-06
2.144144144144144093e+01 7.463772109701623600e-06
2.154654654654654777e+01 7.568766182550869358e-06
2.165165165165165106e+01 7.673912510235841267e-06
2.175675675675675791e+01 7.779176660165203216e-06
2.186186186186186120e+01 7.884523663012796586e-06
2.196696696696696804e+01 7.989918029662016822e-06
2.207207207207207134e+01 8.095323768832625818e-06
2.217717717717717818e+01 8.200704405381027492e-06
2.228228228228228147e+01 8.306022999263761684e-06
2.238738738738738832e+01 8.411242165153372675e-06
2.249249249249249516e+01 8.516324092694548206e-06
2.259759759759759845e+01 8.621230567387738820e-06
2.270270270270270530e+01 8.725922992086432235e-06
2.280780780780780859e+01 8.830362409093283412e-06
2.291291291291291543e+01 8.934509522839553848e-06
2.301801801801801872e+01 9.038324723131234558e-06
2.312312312312312557e+01 9.141768108944478384e-06
2.322822822822822886e+01 9.244799512751983054e-06
2.333333333333333570e+01 9.347378525361222697e-06
2.343843843843843899e+01 9.449464521244436193e-06
2.354354354354354584e+01 9.551016684339640384e-06
2.364864864864864913e+01 9.651994034300911249e-06
2.375375375375375597e+01 9.752355453175637451e-06
2.385885885885885926e+01 9.852059712485435904e-06
2.396396396396396611e+01 9.951065500686929430e-06
2.406906906906906940e+01 1.004933145098763790e-05
2.417417417417417624e+01 1.014681616949176836e-05
2.427927927927927954e+01 1.024347826364983084e-05
2.438438438438438638e+01 1.033927637098557778e-05
2.448948948948948967e+01 1.043416918807296386e-05
2.459459459459459651e+01 1.052811549973545208e-05
2.469969969969969981e+01 1.062107420843929022e-05
2.480480480480480665e+01 1.071300436385204189e-05
2.490990990990990994e+01 1.080386519253702223e-05
2.501501501501501679e+01 1.089361612775406000e-05
2.512012012012012008e+01 1.098221683933641466e-05
2.522522522522522692e+01 1.106962726361351292e-05
2.533033033033033021e+01 1.115580763334869301e-05
2.543543543543543706e+01 1.124071850766103310e-05
2.554054054054054035e+01 1.132432080189995271e-05
2.564564564564564719e+01 1.140657581744124152e-05
2.575075075075075048e+01 1.148744527137287059e-05
2.585585585585585733e+01 1.156689132603899003e-05
2.596096096096096062e+01 1.164487661841030168e-05
2.606606606606606746e+01 1.172136428924913830e-05
2.617117117117117076e+01 1.179631801203744960e-05
2.627627627627627760e+01 1.186970202163609428e-05
2.638138138138138089e+01 1.194148114264387922e-05
2.648648648648648773e+01 1.201162081742496821e-05
2.659159159159159103e+01 1.208008713377348633e-05
2.669669669669669787e+01 1.214684685218439613e-05
2.680180180180180116e+01 1.221186743270001041e-05
2.690690690690690801e+01 1.227511706130186175e-05
2.701201201201201485e+01 1.233656467581795224e-05
2.711711711711711814e+01 1.239617999131598982e-05
2.722222222222222499e+01 1.245393352495351044e-05
2.732732732732732828e+01 1.250979662025637324e-05
2.743243243243243512e+01 1.256374147079773093e-05
2.753753753753753841e+01 1.261574114325002976e-05
2.764264264264264526e+01 1.266576959978335415e-05
2.774774774774774855e+01 1.271380171978402738e-05
2.785285285285285539e+01 1.275981332086814041e-05
2.795795795795795868e+01 1.280378117916540239e-05
2.806306306306306553e+01 1.284568304884948089e-05
2.816816816816816882e+01 1.288549768089189750e-05
2.827327327327327566e+01 1.292320484101729671e-05
2.837837837837837895e+01 1.295878532683888179e-05
2.848348348348348580e+01 1.299222098415370068e-05
2.858858858858858909e+01 1.302349472237842216e-05
2.869369369369369593e+01 1.305259052910723864e-05
2.879879879879879923e+01 1.307949348377452106e-05
2.890390390390390607e+01 1.310418977040592931e-05
2.900900900900900936e+01 1.312666668944270072e-05
2.911411411411411621e+01 1.314691266862496809e-05
2.921921921921921950e+01 1.316491727292104067e-05
2.932432432432432634e+01 1.318067121349072720e-05
2.942942942942942963e+01 1.319416635567190788e-05
2.953453453453453648e+01 1.320539572598078567e-05
2.963963963963963977e+01 1.321435351811730920e-05
2.974474474474474661e+01 1.322103509796860660e-05
2.984984984984984990e+01 1.322543700760434162e-05
2.995495495495495675e+01 1.322755696825919289e-05
3.006006006006006004e+01 1.322739388229883769e-05
3.016516516516516688e+01 1.322494783416709746e-05
3.027027027027027017e+01 1.322022009031306242e-05
3.037537537537537702e+01 1.321321309809830394e-05
3.048048048048048031e+01 1.320393048368550763e-05
3.058558558558558715e+01 1.319237704891103969e-05
3.069069069069069045e+01 1.317855876714525466e-05
3.079579579579579729e+01 1.316248277814554204e-05
3.090090090090090058e+01 1.314415738190828334e-05
3.100600600600600742e+01 1.312359203152718188e-05
3.111111111111111072e+01 1.310079732506652039e-05
3.121621621621621756e+01 1.307578499645916853e-05
3.132132132132132085e+01 1.304856790544024859e-05
3.142642642642642770e+01 1.301916002652856661e-05
3.153153153153153454e+01 1.298757643706902804e-05
3.163663663663663783e+01 1.295383330435035746e-05
3.174174174174174468e+01 1.291794787181350837e-05
3.184684684684684797e+01 1.287993844436728475e-05
3.195195195195195481e+01 1.283982437282861186e-05
3.205705705705705810e+01 1.279762603750603314e-05
3.216216216216216139e+01 1.275336483094588619e-05
3.226726726726727179e+01 1.270706313986160877e-05
3.237237237237237508e+01 1.265874432626758416e-05
3.247747747747747837e+01 1.260843270783968792e-05
3.258258258258258167e+01 1.255615353752574622e-05
3.268768768768769206e+01 1.250193298242974651e-05
3.279279279279279535e+01 1.244579810199457943e-05
3.289789789789789864e+01 1.238777682550868088e-05
3.300300300300300194e+01 1.232789792896281839e-05
3.310810810810811233e+01 1.226619101128379508e-05
3.321321321321321562e+01 1.220268646997257087e-05
3.331831831831831892e+01 1.213741547617476308e-05
3.342342342342342221e+01 1.207040994921223265e-05
3.352852852852853260e+01 1.200170253060475471e-05
3.363363363363363590e+01 1.193132655761138256e-05
3.373873873873873919e+01 1.185931603632143232e-05
3.384384384384384248e+01 1.178570561432548333e-05
3.394894894894895288e+01 1.171053055299703975e-05
3.405405405405405617e+01 1.163382669941584985e-05
3.415915915915915946e+01 1.155563045796401985e-05
3.426426426426426275e+01 1.147597876162642855e-05
3.436936936936937315e+01 1.139490904302690328e-05
3.447447447447447644e+01 1.131245920523191914e-05
3.457957957957957973e+01 1.122866759235341425e-05
3.468468468468468302e+01 1.114357295998263887e-05
3.478978978978979342e+01 1.105721444548663438e-05
3.489489489489489671e+01 1.096963153819908390e-05
3.500000000000000000e+01 1.088086404953699836e-05
3.510510510510510329e+01 1.079095208307474434e-05
3.521021021021021369e+01 1.069993600460652513e-05
3.531531531531531698e+01 1.060785641222834862e-05
3.542042042042042027e+01 1.051475410647009213e-05
3.552552552552552356e+01 1.042067006050813363e-05
3.563063063063063396e+01 1.032564539048849363e-05
3.573573573573573725e+01 1.022972132599017287e-05
3.584084084084084054e+01 1.013293918065777978e-05
3.594594594594595094e+01 1.003534032303230258e-05
3.605105105105105423e+01 9.936966147608183229e-06
3.615615615615615752e+01 9.837858046144323332e-06
3.626126126126126081e+01 9.738057379256267771e-06
3.636636636636637121e+01 9.637605448315966289e-06
3.647147147147147450e+01 9.536543467685086500e-06
3.657657657657657779e+01 9.434912537307001297e-06
3.668168168168168108e+01 9.332753615682079011e-06
3.678678678678679148e+01 9.230107493250050811e-06
3.689189189189189477e+01 9.127014766202553971e-06
3.699699699699699806e+01 9.023515810748072022e-06
3.710210210210210136e+01 8.919650757850966047e-06
3.720720720720721175e+01 8.815459468465149475e-06
3.731231231231231504e+01 8.710981509282421809e-06
3.741741741741741833e+01 8.606256129014372110e-06
3.752252252252252163e+01 8.501322235226192216e-06
3.762762762762763202e+01 8.396218371739558878e-06
3.773273273273273531e+01 8.290982696621144318e-06
3.783783783783783861e+01 8.185652960772084796e-06
3.794294294294294190e+01 8.080266487133216724e-06
3.804804804804805229e+01 7.974860150519598966e-06
3.815315315315315559e+01 7.869470358097194535e-06
3.825825825825825888e+01 7.764133030513380404e-06
3.836336336336336217e+01 7.658883583692368023e-06
3.846846846846847257e+01 7.553756911305274561e-06
3.857357357357357586e+01 7.448787367924031805e-06
3.867867867867867915e+01 7.344008752866980462e-06
3.878378378378378244e+01 7.239454294743475867e-06
3.888888888888889284e+01 7.135156636703545276e-06
3.899399399399399613e+01 7.031147822397927131e-06
3.909909909909909942e+01 6.927459282652710517e-06
3.920420420420420271e+01 6.824121822862120492e-06
3.930930930930931311e+01 6.721165611101820982e-06
3.941441441441441640e+01 6.618620166964416603e-06
3.951951951951951969e+01 6.516514351117739550e-06
3.962462462462462298e+01 6.414876355585900392e-06
3.972972972972973338e+01 6.313733694751929614e-06
3.983483483483483667e+01 6.213113197080227762e-06
3.993993993993993996e+01 6.113040997555981543e-06
4.004504504504504325e+01 6.013542530838149279e-06
4.015015015015015365e+01 5.914642525121560321e-06
4.025525525525525694e+01 5.816364996703113145e-06
4.036036036036036023e+01 5.718733245246067500e-06
4.046546546546547063e+01 5.621769849735945749e-06
4.057057057057057392e+01 5.525496665120650471e-06
4.067567567567567721e+01 5.429934819626701555e-06
4.078078078078078050e+01 5.335104712743008098e-06
4.088588588588589090e+01 5.241026013862709525e-06
4.099099099099099419e+01 5.147717661573183251e-06
4.109609609609609748e+01 5.055197863583520025e-06
4.120120120120120077e+01 4.963484097278433506e-06
4.130630630630631117e+01 4.872593110886779482e-06
4.141141141141141446e+01 4.782540925252508637e-06
4.151651651651651775e+01 4.693342836195234723e-06
4.162162162162162105e+01 4.605013417447276410e-06
4.172672672672673144e+01 4.517566524153468675e-06
4.183183183183183473e+01 4.431015296919666040e-06
4.193693693693693803e+01 4.345372166395423754e-06
4.204204204204204132e+01 4.260648858376092276e-06
4.214714714714715171e+01 4.176856399409061540e-06
4.225225225225225500e+01 4.094005122888735606e-06
4.235735735735735830e+01 4.012104675624364296e-06
4.246246246246246159e+01 3.931164024864821159e-06
4.256756756756757198e+01 3.851191465763941905e-06
4.267267267267267528e+01 3.772194629270084887e-06
4.277777777777777857e+01 3.694180490423111896e-06
4.288288288288288186e+01 3.617155377042160308e-06
4.298798798798799226e+01 3.541124978787174869e-06
4.309309309309309555e+01 3.466094356577252962e-06
4.319819819819819884e+01 3.392067952348639497e-06
4.330330330330330213e+01 3.319049599135320646e-06
4.340840840840841253e+01 3.247042531454993713e-06
4.351351351351351582e+01 3.176049395983297140e-06
4.361861861861861911e+01 3.106072262499088931e-06
4.372372372372372240e+01 3.037112635083780762e-06
4.382882882882883280e+01 2.969171463557629547e-06
4.393393393393393609e+01 2.902249155136108920e-06
4.403903903903903938e+01 2.836345586289464867e-06
4.414414414414414267e+01 2.771460114788863389e-06
4.424924924924925307e+01 2.707591591922512703e-06
4.435435435435435636e+01 2.644738374865460925e-06
4.445945945945945965e+01 2.582898339186811300e-06
4.456456456456456294e+01 2.522068891478476079e-06
4.466966966966967334e+01 2.462246982089665081e-06
4.477477477477477663e+01 2.403429117951636218e-06
4.487987987987987992e+01 2.345611375477415625e-06
4.498498498498499032e+01 2.288789413521573280e-06
4.509009009009009361e+01 2.232958486385330553e-06
4.519519519519519690e+01 2.178113456852568787e-06
4.530030030030030019e+01 2.124248809242732379e-06
4.540540540540541059e+01 2.071358662466798114e-06
4.551051051051051388e+01 2.019436783072931879e-06
4.561561561561561717e+01 1.968476598268688488e-06
4.572072072072072046e+01 1.918471208907091488e-06
4.582582582582583086e+01 1.869413402424169286e-06
4.593093093093093415e+01 1.821295665715981367e-06
4.603603603603603744e+01 1.774110197943459094e-06
4.614114114114114074e+01 1.727848923253883000e-06
4.624624624624625113e+01 1.682503503408084261e-06
4.635135135135135442e+01 1.638065350302949509e-06
4.645645645645645772e+01 1.594525638379114561e-06
4.656156156156156101e+01 1.551875316904230911e-06
4.666666666666667140e+01 1.510105122122509447e-06
4.677177177177177470e+01 1.469205589261705121e-06
4.687687687687687799e+01 1.429167064389046014e-06
4.698198198198198128e+01 1.389979716108126441e-06
4.708708708708709167e+01 1.351633547089066510e-06
4.719219219219219497e+01 1.314118405424749544e-06
4.729729729729729826e+01 1.277423995806261598e-06
4.740240240240240155e+01 1.241539890511158718e-06
4.750750750750751195e+01 1.206455540198502475e-06
4.761261261261261524e+01 1.172160284505061507e-06
4.771771771771771853e+01 1.138643362437411576e-06
4.782282282282282182e+01 1.105893922555139939e-06
4.792792792792793222e+01 1.073901032940661573e-06
4.803303303303303551e+01 1.042653690951598239e-06
4.813813813813813880e+01 1.012140832751986437e-06
4.824324324324324209e+01 9.823513426190330682e-07
4.834834834834835249e+01 9.532740620224149038e-07
4.845345345345345578e+01 9.248977984735396816e-07
4.855855855855855907e+01 8.972113341424828997e-07
4.866366366366366236e+01 8.702034342407225413e-07
4.876876876876877276e+01 8.438628551680603570e-07
4.887387387387387605e+01 8.181783524225060582e-07
4.897897897897897934e+01 7.931386882721596523e-07
4.908408408408408263e+01 7.687326391885099018e-07
4.918918918918919303e+01 7.449490030408017293e-07
4.929429429429429632e+01 7.217766060514702402e-07
4.939939939939939961e+01 6.992043095128762010e-07
4.950450450450451001e+01 6.772210162659097462e-07
4.960960960960961330e+01 6.558156769412534416e-07
4.971471471471471659e+01 6.349772959643497304e-07
4.981981981981981988e+01 6.146949373254112873e-07
4.992492492492493028e+01 5.949577301159969265e-07
5.003003003003003357e+01 5.757548738339434812e-07
5.013513513513513686e+01 5.570756434586285108e-07
5.024024024024024015e+01 5.389093942987915322e-07
5.034534534534535055e+01 5.212455666152954217e-07
5.045045045045045384e+01 5.040736900214355765e-07
5.055555555555555713e+01 4.873833876635493767e-07
5.066066066066066043e+01 4.711643801848932617e-07
5.076576576576577082e+01 4.554064894758690874e-07
5.087087087087087411e+01 4.400996422138718506e-07
5.097597597597597741e+01 4.252338731961355848e-07
5.108108108108108070e+01 4.107993284691275535e-07
5.118618618618619109e+01 3.967862682581275298e-07
5.129129129129129439e+01 3.831850697007714126e-07
5.139639639639639768e+01 3.699862293884130182e-07
5.150150150150150097e+01 3.571803657192950584e-07
5.160660660660661136e+01 3.447582210675662599e-07
5.171171171171171466e+01 3.327106637722954607e-07
5.181681681681681795e+01 3.210286899506694060e-07
5.192192192192192124e+01 3.097034251396675377e-07
5.202702702702703164e+01 2.987261257705156977e-07
5.213213213213213493e+01 2.880881804803067469e-07
5.223723723723723822e+01 2.777811112651812897e-07
5.234234234234234151e+01 2.677965744795277074e-07
5.244744744744745191e+01 2.581263616856557841e-07
5.255255255255255520e+01 2.487624003584387035e-07
5.265765765765765849e+01 2.396967544494079811e-07
5.276276276276276178e+01 2.309216248148158843e-07
5.286786786786787218e+01 2.224293495121539798e-07
5.297297297297297547e+01 2.142124039696287824e-07
5.307807807807807876e+01 2.062634010330597200e-07
5.318318318318318205e+01 1.985750908946770668e-07
5.328828828828829245e+01 1.911403609082375217e-07
5.339339339339339574e+01 1.839522352948775904e-07
5.349849849849849903e+01 1.770038747440624151e-07
5.360360360360360232e+01 1.702885759139754076e-07
5.370870870870871272e+01 1.637997708356297236e-07
5.381381381381381601e+01 1.575310262249471730e-07
5.391891891891891930e+01 1.514760427069889330e-07
5.402402402402402970e+01 1.456286539564819375e-07
5.412912912912913299e+01 1.399828257587104832e-07
5.423423423423423628e+01 1.345326549947864297e-07
5.433933933933933957e+01 1.292723685552537403e-07
5.444444444444444997e+01 1.241963221859010598e-07
5.454954954954955326e+01 1.192989992696006193e-07
5.465465465465465655e+01 1.145750095479021219e-07
5.475975975975975985e+01 1.100190877860543690e-07
5.486486486486487024e+01 1.056260923850330390e-07
5.496996996996997353e+01 1.013910039440854881e-07
5.507507507507507682e+01 9.730892377721501247e-08
5.518018018018018012e+01 9.337507238695289071e-08
5.528528528528529051e+01 8.958478789867592343e-08
5.539039039039039380e+01 8.593352445864899241e-08
5.549549549549549710e+01 8.241685059887967794e-08
5.560060060060060039e+01 7.903044757179573913e-08
5.570570570570571078e+01 7.577010765766038889e-08
5.581081081081081408e+01 7.263173244756040919e-08
5.591591591591591737e+01 6.961133110470774801e-08
5.602102102102102066e+01 6.670501860671731213e-08
5.612612612612613106e+01 6.390901397142640684e-08
5.623123123123123435e+01 6.121963846874294951e-08
5.633633633633633764e+01 5.863331382091325383e-08
5.644144144144144093e+01 5.614656039352457731e-08
5.654654654654655133e+01 5.375599537946167806e-08
5.665165165165165462e+01 5.145833097795815750e-08
5.675675675675675791e+01 4.925037257079254104e-08
5.686186186186186120e+01 4.712901689760307389e-08
5.696696696696697160e+01 4.509125023220380909e-08
5.707207207207207489e+01 4.313414656170925166e-08
5.717717717717717818e+01 4.125486577018859078e-08
5.728228228228228147e+01 3.945065182849622506e-08
5.738738738738739187e+01 3.771883099184188574e-08
5.749249249249249516e+01 3.605681000659015673e-08
5.759759759759759845e+01 3.446207432769956888e-08
5.770270270270270174e+01 3.293218634814179735e-08
5.780780780780781214e+01 3.146478364156380880e-08
5.791291291291291543e+01 3.005757721938796322e-08
5.801801801801801872e+01 2.870834980347148881e-08
5.812312312312312201e+01 2.741495411538296989e-08
5.822822822822823241e+01 2.617531118328254522e-08
5.833333333333333570e+01 2.498740866733005198e-08
5.843843843843843899e+01 2.384929920448025514e-08
5.854354354354354939e+01 2.275909877346434430e-08
5.864864864864865268e+01 2.171498508069601303e-08
5.875375375375375597e+01 2.071519596778069656e-08
5.885885885885885926e+01 1.975802784125358452e-08
5.896396396396396966e+01 1.884183412511339791e-08
5.906906906906907295e+01 1.796502373666891491e-08
5.917417417417417624e+01 1.712605958616129459e-08
5.927927927927927954e+01 1.632345710057834329e-08
5.938438438438438993e+01 1.555578277202703210e-08
5.948948948948949322e+01 1.482165273098557904e-08
5.959459459459459651e+01 1.411973134471108452e-08
5.969969969969969981e+01 1.344872984103760983e-08
5.980480480480481020e+01 1.280740495775688720e-08
5.990990990990991349e+01 1.219455761773594573e-08
6.001501501501501679e+01 1.160903162988700010e-08
6.012012012012012008e+01 1.104971241607046063e-08
6.022522522522523047e+01 1.051552576397618412e-08
6.033033033033033377e+01 1.000543660599606133e-08
6.043543543543543706e+01 9.518447824069192346e-09
6.054054054054054035e+01 9.053599080452078482e-09
6.064564564564565075e+01 8.609965674336878319e-09
6.075075075075075404e+01 8.186657424215206958e-09
6.085585585585585733e+01 7.782817575858325892e-09
6.096096096096096062e+01 7.397621735762230303e-09
6.106606606606607102e+01 7.030276829882146602e-09
6.117117117117117431e+01 6.680020087460849214e-09
6.127627627627627760e+01 6.346118049734438421e-09
6.138138138138138089e+01 6.027865603281641832e-09
6.148648648648649129e+01 5.724585037764294802e-09
6.159159159159159458e+01 5.435625127791358068e-09
6.169669669669669787e+01 5.160360238623034194e-09
6.180180180180180116e+01 4.898189455418656136e-09
6.190690690690691156e+01 4.648535735718303256e-09
6.201201201201201485e+01 4.410845084837072146e-09
6.211711711711711814e+01 4.184585753839780066e-09
6.222222222222222143e+01 3.969247459754772356e-09
6.232732732732733183e+01 3.764340627676019902e-09
6.243243243243243512e+01 3.569395654395668751e-09
6.253753753753753841e+01 3.383962193201536802e-09
6.264264264264264170e+01 3.207608459468576591e-09
6.274774774774775210e+01 3.039920556667700830e-09
6.285285285285285539e+01 2.880501822410965931e-09
6.295795795795795868e+01 2.728972194148316120e-09
6.306306306306306908e+01 2.584967594128202254e-09
6.316816816816817237e+01 2.448139333231933515e-09
6.327327327327327566e+01 2.318153533289789228e-09
6.337837837837837895e+01 2.194690567486123934e-09
6.348348348348348935e+01 2.077444518459918830e-09
6.358858858858859264e+01 1.966122653707468842e-09
6.369369369369369593e+01 1.860444917894286883e-09
6.379879879879879923e+01 1.760143441684629526e-09
6.390390390390390962e+01 1.664962066698350487e-09
6.400900900900900581e+01 1.574655886206932811e-09
6.411411411411411621e+01 1.488990801182765799e-09
6.421921921921922660e+01 1.407743091318904593e-09
6.432432432432432279e+01 1.330699000639149491e-09
6.442942942942943318e+01 1.257654337322190943e-09
6.453453453453454358e+01 1.188414087367357757e-09
6.463963963963963977e+01 1.122792041733286039e-09
6.474474474474475016e+01 1.060610436585501639e-09
6.484984984984984635e+01 1.001699606293510882e-09
6.495495495495495675e+01 9.458976488225521212e-10
6.506006006006006714e+01 8.930501031706537671e-10
6.516516516516516333e+01 8.430096385064615215e-10
6.527027027027027373e+01 7.956357546689973355e-10
6.537537537537538412e+01 7.507944936960193667e-10
6.548048048048048031e+01 7.083581620532281249e-10
6.558558558558559071e+01 6.682050632425354160e-10
6.569069069069068689e+01 6.302192404735576405e-10
6.579579579579579729e+01 5.942902290882808186e-10
6.590090090090090769e+01 5.603128184352910407e-10
6.600600600600600387e+01 5.281868228957916267e-10
6.611111111111111427e+01 4.978168617700188750e-10
6.621621621621622467e+01 4.691121477389160739e-10
6.632132132132132085e+01 4.419862836220516565e-10
6.642642642642643125e+01 4.163570671591827314e-10
6.653153153153152743e+01 3.921463035491436788e-10
6.663663663663663783e+01 3.692796254858973432e-10
6.674174174174174823e+01 3.476863204380366587e-10
6.684684684684684441e+01 3.272991649240904101e-10
6.695195195195195481e+01 3.080542655423176122e-10
6.705705705705706521e+01 2.898909065198230053e-10
6.716216216216216139e+01 2.727514035519017585e-10
6.726726726726727179e+01 2.565809637086495867e-10
6.737237237237238219e+01 2.413275511919037018e-10
6.747747747747747837e+01 2.269417587314567265e-10
6.758258258258258877e+01 2.133766844154413194e-10
6.768768768768768496e+01 2.005878137555850026e-10
6.779279279279279535e+01 1.885329067936996286e-10
6.789789789789790575e+01 1.771718900615204072e-10
6.800300300300300194e+01 1.664667532114720075e-10
6.810810810810811233e+01 1.563814501414828887e-10
6.821321321321322273e+01 1.468818044423253155e-10
6.831831831831831892e+01 1.379354190012285080e-10
6.842342342342342931e+01 1.295115896007274929e-10
6.852852852852852550e+01 1.215812223568008445e-10
6.863363363363363590e+01 1.141167548453059649e-10
6.873873873873874629e+01 1.070920807706633557e-10
6.884384384384384248e+01 1.004824780354726913e-10
6.894894894894895288e+01 9.426454007445897599e-11
6.905405405405406327e+01 8.841611032072301697e-11
6.915915915915915946e+01 8.291621967671287061e-11
6.926426426426426985e+01 7.774502686673305577e-11
6.936936936936936604e+01 7.288376155205719143e-11
6.947447447447447644e+01 6.831467009384772688e-11
6.957957957957958683e+01 6.402096385317279469e-11
6.968468468468468302e+01 5.998676992131871026e-11
6.978978978978979342e+01 5.619708417746415638e-11
6.989489489489490381e+01 5.263772657451495122e-11
7.000000000000000000e+01 4.929529855752561384e-11
7.010510510510511040e+01 4.615714252267892757e-11
7.021021021021020658e+01 4.321130322823179193e-11
7.031531531531531698e+01 4.044649107215487135e-11
7.042042042042042738e+01 3.785204715445563222e-11
7.052552552552552356e+01 3.541791004529121551e-11
7.063063063063063396e+01 3.313458418304141083e-11
7.073573573573574436e+01 3.099310982945924233e-11
7.084084084084084054e+01 2.898503451187168758e-11
7.094594594594595094e+01 2.710238588518110421e-11
7.105105105105104712e+01 2.533764594909858928e-11
7.115615615615615752e+01 2.368372655862668612e-11
7.126126126126126792e+01 2.213394616833071053e-11
7.136636636636636410e+01 2.068200775335193027e-11
7.147147147147147450e+01 1.932197785246591305e-11
7.157657657657658490e+01 1.804826668075407543e-11
7.168168168168168108e+01 1.685560926163598591e-11
7.178678678678679148e+01 1.573904753012558655e-11
7.189189189189190188e+01 1.469391336120776603e-11
7.199699699699699806e+01 1.371581247919142202e-11
7.210210210210210846e+01 1.280060920578968092e-11
7.220720720720720465e+01 1.194441200650126675e-11
7.231231231231231504e+01 1.114355979661786498e-11
7.241741741741742544e+01 1.039460896987950289e-11
7.252252252252252163e+01 9.694321114420486060e-12
7.262762762762763202e+01 9.039651382217457952e-12
7.273273273273274242e+01 8.427737479756653998e-12
7.283783783783783861e+01 7.855889249081530165e-12
7.294294294294294900e+01 7.321578809776134744e-12
7.304804804804804519e+01 6.822431233775092155e-12
7.315315315315315559e+01 6.356215726172131192e-12
7.325825825825826598e+01 5.920837286434930333e-12
7.336336336336336217e+01 5.514328825612450624e-12
7.346846846846847257e+01 5.134843716257801634e-12
7.357357357357358296e+01 4.780648752877077873e-12
7.367867867867867915e+01 4.450117501756004068e-12
7.378378378378378954e+01 4.141724020017230948e-12
7.388888888888888573e+01 3.854036924718573452e-12
7.399399399399399613e+01 3.585713793717957297e-12
7.409909909909910652e+01 3.335495880911173331e-12
7.420420420420420271e+01 3.102203129286641417e-12
7.430930930930931311e+01 2.884729466046867729e-12
7.441441441441442350e+01 2.682038364815035807e-12
7.451951951951951969e+01 2.493158660679717054e-12
7.462462462462463009e+01 2.317180604534518058e-12
7.472972972972972627e+01 2.153252143840859574e-12
7.483483483483483667e+01 2.000575417582970460e-12
7.493993993993994707e+01 1.858403453798121164e-12
7.504504504504504325e+01 1.726037058648806713e-12
7.515015015015015365e+01 1.602821886562580919e-12
7.525525525525526405e+01 1.488145681497759785e-12
7.536036036036036023e+01 1.381435679900712870e-12
7.546546546546547063e+01 1.282156166405341681e-12
7.557057057057056682e+01 1.189806173786958180e-12
7.567567567567567721e+01 1.103917319122261439e-12
7.578078078078078761e+01 1.024051768527003613e-12
7.588588588588588379e+01 9.498003232413455953e-13
7.599099099099099419e+01 8.807806202133448682e-13
7.609609609609610459e+01 8.166354406927913844e-13
7.620120120120120077e+01 7.570311206913113065e-13
7.630630630630631117e+01 7.016560574925492829e-13
7.641141141141142157e+01 6.502193067073419543e-13
7.651651651651651775e+01 6.024492646646788546e-13
7.662162162162162815e+01 5.580924312107730272e-13
7.672672672672672434e+01 5.169122482557500836e-13
7.683183183183183473e+01 4.786880096612174317e-13
7.693693693693694513e+01 4.432138383033612850e-13
7.704204204204204132e+01 4.102977263747924826e-13
7.714714714714715171e+01 3.797606352057627248e-13
7.725225225225226211e+01 3.514356510915079626e-13
7.735735735735735830e+01 3.251671938078077902e-13
7.746246246246246869e+01 3.008102746823840663e-13
7.756756756756756488e+01 2.782298012655382256e-13
7.767267267267267528e+01 2.572999258098235333e-13
7.777777777777778567e+01 2.379034349266402978e-13
7.788288288288288186e+01 2.199311779369040072e-13
7.798798798798799226e+01 2.032815315746866855e-13
7.809309309309310265e+01 1.878598988367285305e-13
7.819819819819819884e+01 1.735782398975379416e-13
7.830330330330330924e+01 1.603546331299123008e-13
7.840840840840840542e+01 1.481128643842684361e-13
7.851351351351351582e+01 1.367820427875096405e-13
7.861861861861862621e+01 1.262962414238058566e-13
7.872372372372372240e+01 1.165941613555397492e-13
7.882882882882883280e+01 1.076188175334587983e-13
7.893393393393394319e+01 9.931724523072613586e-14
7.903903903903903938e+01 9.164022571649472349e-14
7.914414414414414978e+01 8.454202996106020941e-14
7.924924924924924596e+01 7.798017923680862090e-14
7.935435435435435636e+01 7.191522154720733302e-14
7.945945945945946676e+01 6.631052288039286934e-14
7.956456456456456294e+01 6.113207234444491228e-14
7.966966966966967334e+01 5.634830029861366937e-14
7.977477477477478374e+01 5.192990864863481154e-14
7.987987987987987992e+01 4.784971252502895731e-14
7.998498498498499032e+01 4.408249261114625678e-14
8.009009009009008651e+01 4.060485743279757505e-14
8.019519519519519690e+01 3.739511496374618629e-14
8.030030030030030730e+01 3.443315294133777092e-14
8.040540540540540349e+01 3.170032732415574865e-14
8.051051051051051388e+01 2.917935835901585224e-14
8.061561561561562428e+01 2.685423375793909955e-14
8.072072072072072046e+01 2.471011851707558569e-14
8.082582582582583086e+01 2.273327093904244843e-14
8.093093093093094126e+01 2.091096444784895704e-14
8.103603603603603744e+01 1.923141481163000728e-14
8.114114114114114784e+01 1.768371241289457276e-14
8.124624624624624403e+01 1.625775922899760971e-14
8.135135135135135442e+01 1.494421020713786894e-14
8.145645645645646482e+01 1.373441873848310397e-14
8.156156156156156101e+01 1.262038595505714025e-14
8.166666666666667140e+01 1.159471359090776706e-14
8.177177177177178180e+01 1.065056016584411590e-14
8.187687687687687799e+01 9.781600265767501886e-15
8.198198198198198838e+01 8.981986708379954657e-15
8.208708708708708457e+01 8.246315396894904931e-15
8.219219219219219497e+01 7.569592677343405504e-15
8.229729729729730536e+01 6.947205027235119484e-15
8.240240240240240155e+01 6.374890914719477482e-15
8.250750750750751195e+01 5.848714678070954528e-15
8.261261261261262234e+01 5.365042285316144378e-15
8.271771771771771853e+01 4.920518843178985542e-15
8.282282282282282893e+01 4.512047733284101350e-15
8.292792792792792511e+01 4.136771261757612997e-15
8.303303303303303551e+01 3.792052716036385009e-15
8.313813813813814591e+01 3.475459729875963776e-15
8.324324324324324209e+01 3.184748864258270120e-15
8.334834834834835249e+01 2.917851318177411851e-15
8.345345345345346288e+01 2.672859689149488300e-15
8.355855855855855907e+01 2.448015708774390072e-15
8.366366366366366947e+01 2.241698883802186821e-15
8.376876876876876565e+01 2.052415977942574499e-15
8.387387387387387605e+01 1.878791274124852772e-15
8.397897897897898645e+01 1.719557561090867552e-15
8.408408408408408263e+01 1.573547792098065610e-15
8.418918918918919303e+01 1.439687367146657773e-15
8.429429429429430343e+01 1.316986993537675600e-15
8.439939939939939961e+01 1.204536082733031445e-15
8.450450450450451001e+01 1.101496644440947159e-15
8.460960960960960620e+01 1.007097641602484910e-15
8.471471471471471659e+01 9.206297725199804410e-16
8.481981981981982699e+01 8.414406487603242205e-16
8.492492492492492318e+01 7.689303396934098905e-16
8.503003003003003357e+01 7.025472566022243709e-16
8.513513513513514397e+01 6.417843512342729271e-16
8.524024024024024015e+01 5.861756054638211171e-16
8.534534534534535055e+01 5.352927904107026391e-16
8.545045045045046095e+01 4.887424749210035458e-16
8.555555555555555713e+01 4.461632647662495092e-16
8.566066066066066753e+01 4.072232552681138972e-16
8.576576576576576372e+01 3.716176813115824120e-16
8.587087087087087411e+01 3.390667498771075493e-16
8.597597597597598451e+01 3.093136413083682880e-16
8.608108108108108070e+01 2.821226665410872090e-16
8.618618618618619109e+01 2.572775684563651211e-16
8.629129129129130149e+01 2.345799563932336378e-16
8.639639639639639768e+01 2.138478636642956407e-16
8.650150150150150807e+01 1.949144186700360189e-16
8.660660660660660426e+01 1.776266209050868454e-16
8.671171171171171466e+01 1.618442137973945300e-16
8.681681681681682505e+01 1.474386469224430639e-16
8.692192192192192124e+01 1.342921206922884515e-16
8.702702702702703164e+01 1.222967071365770432e-16
8.713213213213214203e+01 1.113535408725304299e-16
8.723723723723723822e+01 1.013720748056973759e-16
8.734234234234234862e+01 9.226939551575754724e-17
8.744744744744744480e+01 8.396959366385731202e-17
8.755255255255255520e+01 7.640318511211501954e-17
8.765765765765766560e+01 6.950657877409752547e-17
8.776276276276276178e+01 6.322158751890464971e-17
8.786786786786787218e+01 5.749497873294643141e-17
8.797297297297298257e+01 5.227806140402725494e-17
8.807807807807807876e+01 4.752630683345810233e-17
8.818318318318318916e+01 4.319900030511205820e-17
8.828828828828828534e+01 3.925892124678117552e-17
8.839339339339339574e+01 3.567204961015432340e-17
8.849849849849850614e+01 3.240729637237797595e-17
8.860360360360360232e+01 2.943625622542518290e-17
8.870870870870871272e+01 2.673298067046415383e-17
8.881381381381382312e+01 2.427376987392344300e-17
8.891891891891891930e+01 2.203698177083966668e-17
8.902402402402402970e+01 2.000285702016695275e-17
8.912912912912912589e+01 1.815335852670453194e-17
8.923423423423423628e+01 1.647202434584884251e-17
8.933933933933934668e+01 1.494383288114600656e-17
8.944444444444444287e+01 1.355507937114698172e-17
8.954954954954955326e+01 1.229326274193191738e-17
8.965465465465466366e+01 1.114698197534949148e-17
8.975975975975975985e+01 1.010584121096988575e-17
8.986486486486487024e+01 9.160362862432559486e-18
8.996996996996998064e+01 8.301908086654635220e-18
9.007507507507507682e+01 7.522603997631608363e-18
9.018018018018018722e+01 6.815277065660739525e-18
9.028528528528528341e+01 6.173392188053478836e-18
9.039039039039039380e+01 5.590996959073640923e-18
9.049549549549550420e+01 5.062670705226979114e-18
9.060060060060060039e+01 4.583477887366682876e-18
9.070570570570571078e+01 4.148925503623928586e-18
9.081081081081082118e+01 3.754924157122580070e-18
9.091591591591591737e+01 3.397752479999938805e-18
9.102102102102102776e+01 3.074024630616603065e-18
9.112612612612612395e+01 2.780660604166706888e-18
9.123123123123123435e+01 2.514859118352468795e-18
9.133633633633634474e+01 2.274072855516120609e-18
9.144144144144144093e+01 2.055985860754920257e-18
9.154654654654655133e+01 1.858492912213972001e-18
9.165165165165166172e+01 1.679680695067288535e-18
9.175675675675675791e+01 1.517810624767804242e-18
9.186186186186186831e+01 1.371303178072312593e-18
9.196696696696696449e+01 1.238723602216250902e-18
9.207207207207207489e+01 1.118768883509694640e-18
9.217717717717718529e+01 1.010255866630264277e-18
9.228228228228228147e+01 9.121104250679752148e-19
9.238738738738739187e+01 8.233575916013979207e-19
9.249249249249250227e+01 7.431125654118435747e-19
9.259759759759759845e+01 6.705725195296482583e-19
9.270270270270270885e+01 6.050091388062620662e-19
9.280780780780780503e+01 5.457618245642032006e-19
9.291291291291291543e+01 4.922315075383818685e-19
9.301801801801802583e+01 4.438750157278506240e-19
9.312312312312312201e+01 4.001999483625064549e-19
9.322822822822823241e+01 3.607600113903606527e-19
9.333333333333334281e+01 3.251507737383261211e-19
9.343843843843843899e+01 2.930058071221620239e-19
9.354354354354354939e+01 2.639931754065348754e-19
9.364864864864864558e+01 2.378122424679316539e-19
9.375375375375375597e+01 2.141907702143527429e-19
9.385885885885886637e+01 1.928822808872681711e-19
9.396396396396396256e+01 1.736636600317855905e-19
9.406906906906907295e+01 1.563329785885154997e-19
9.417417417417418335e+01 1.407075144509355947e-19
9.427927927927927954e+01 1.266219555600459477e-19
9.438438438438438993e+01 1.139267681875907762e-19
9.448948948948950033e+01 1.024867155022989703e-19
9.459459459459459651e+01 9.217951283209079660e-20
9.469969969969970691e+01 8.289460723959392911e-20
9.480480480480480310e+01 7.453207012811188581e-20
9.490990990990991349e+01 6.700159259935319257e-20
9.501501501501502389e+01 6.022157420096034805e-20
9.512012012012012008e+01 5.411829653840354004e-20
9.522522522522523047e+01 4.862517398925027088e-20
9.533033033033034087e+01 4.368207445422786961e-20
9.543543543543543706e+01 3.923470371469505672e-20
9.554054054054054745e+01 3.523404754542485303e-20
9.564564564564564364e+01 3.163586625973035606e-20
9.575075075075075404e+01 2.840023684536700365e-20
9.585585585585586443e+01 2.549113828842280209e-20
9.596096096096096062e+01 2.287607608215751187e-20
9.606606606606607102e+01 2.052574228196545250e-20
9.617117117117118141e+01 1.841370779934694986e-20
9.627627627627627760e+01 1.651614392982774973e-20
9.638138138138138800e+01 1.481157038479423186e-20
9.648648648648648418e+01 1.328062734753834973e-20
9.659159159159159458e+01 1.190586930162081954e-20
9.669669669669670498e+01 1.067157858696860246e-20
9.680180180180180116e+01 9.563596827682127661e-21
9.690690690690691156e+01 8.569172547049649259e-21
9.701201201201202196e+01 7.676823441230611027e-21
9.711711711711711814e+01 6.876211924858343143e-21
9.722222222222222854e+01 6.158032690707722715e-21
9.732732732732732472e+01 5.513911142704657392e-21
9.743243243243243512e+01 4.936311667977329667e-21
9.753753753753754552e+01 4.418454810338594837e-21
9.764264264264264170e+01 3.954242495392016100e-21
9.774774774774775210e+01 3.538190537196475527e-21
9.785285285285286250e+01 3.165367728814751322e-21
9.795795795795795868e+01 2.831340884780404507e-21
9.806306306306306908e+01 2.532125263151858827e-21
9.816816816816816527e+01 2.264139848929668152e-21
9.827327327327327566e+01 2.024167029694408572e-21
9.837837837837838606e+01 1.809316238842788942e-21
9.848348348348348225e+01 1.616991182165045136e-21
9.858858858858859264e+01 1.444860300105868569e-21
9.869369369369370304e+01 1.290830151224732650e-21
9.879879879879879923e+01 1.153021432433859419e-21
9.890390390390390962e+01 1.029747378832553431e-21
9.900900900900902002e+01 9.194943106323126083e-22
9.911411411411411621e+01 8.209041170159530859e-22
9.921921921921922660e+01 7.327584870121577469e-22
9.932432432432432279e+01 6.539647157892772483e-22
9.942942942942943318e+01 5.835429313562045394e-22
9.953453453453454358e+01 5.206146016680695252e-22
9.963963963963963977e+01 4.643921957139335185e-22
9.974474474474475016e+01 4.141698844491828854e-22
9.984984984984986056e+01 3.693151785466057531e-22
9.995495495495495675e+01 3.292614099873684521e-22
1.000600600600600671e+02 2.935009735973819823e-22
1.001651651651651633e+02 2.615792528455560721e-22
1.002702702702702737e+02 2.330891616408742898e-22
1.003753753753753841e+02 2.076662405705020738e-22
1.004804804804804803e+02 1.849842520779883584e-22
1.005855855855855907e+02 1.647512245515072162e-22
1.006906906906907011e+02 1.467059002323310684e-22
1.007957957957957973e+02 1.306145463138618015e-22
1.009009009009009077e+02 1.162680926277403203e-22
1.010060060060060039e+02 1.034795629470337769e-22
1.011111111111111143e+02 9.208177021498341182e-23
1.012162162162162247e+02 8.192524896556535374e-23
1.013213213213213209e+02 7.287640086970743397e-23
1.014264264264264312e+02 6.481583174672146103e-23
1.015315315315315416e+02 5.763686054943370826e-23
1.016366366366366378e+02 5.124418278660083445e-23
1.017417417417417482e+02 4.555267260827041999e-23
1.018468468468468444e+02 4.048630936747966088e-23
1.019519519519519548e+02 3.597721590201670359e-23
1.020570570570570652e+02 3.196479706837354276e-23
1.021621621621621614e+02 2.839496822018641306e-23
1.022672672672672718e+02 2.521946436810535235e-23
1.023723723723723822e+02 2.239522169836521573e-23
1.024774774774774784e+02 1.988382397364274440e-23
1.025825825825825888e+02 1.765100710134381939e-23
1.026876876876876850e+02 1.566621583959338421e-23
1.027927927927927954e+02 1.390220722744976634e-23
1.028978978978979058e+02 1.233469588009640537e-23
1.030030030030030019e+02 1.094203678804824095e-23
1.031081081081081123e+02 9.704941707379078221e-24
1.032132132132132227e+02 8.606225630585695092e-24
1.033183183183183189e+02 7.630580189488285752e-24
1.034234234234234293e+02 6.764371166616608959e-24
1.035285285285285397e+02 5.995457583499066053e-24
1.036336336336336359e+02 5.313030096482610494e-24
1.037387387387387463e+02 4.707466666156867887e-24
1.038438438438438425e+02 4.170203677818538598e-24
1.039489489489489529e+02 3.693620880120221869e-24
1.040540540540540633e+02 3.270938679294334587e-24
1.041591591591591595e+02 2.896126479081629388e-24
1.042642642642642699e+02 2.563820893511485916e-24
1.043693693693693803e+02 2.269252782563871762e-24
1.044744744744744764e+02 2.008182170928839498e-24
1.045795795795795868e+02 1.776840208865491162e-24
1.046846846846846830e+02 1.571877422705140807e-24
1.047897897897897934e+02 1.390317581892660065e-24
1.048948948948949038e+02 1.229516580557535641e-24
1.050000000000000000e+02 1.087125795294473481e-24
