# radius_AU intensity_Jy_per_sr
0.000000000000000000e+00 1.243415878630843097e-04
1.051051051051051094e-01 1.243308569835297915e-04
2.102102102102102188e-01 1.242986699010997700e-04
3.153153153153153143e-01 1.242450432797004756e-04
4.204204204204204376e-01 1.241700048765327158e-04
5.255255255255255609e-01 1.240735935181481650e-04
6.306306306306306286e-01 1.239558590669682795e-04
7.357357357357358074e-01 1.238168623783068216e-04
8.408408408408408752e-01 1.236566752479474379e-04
9.459459459459459429e-01 1.234753803503396360e-04
1.051051051051051122e+00 1.232730711674878612e-04
1.156156156156156189e+00 1.230498519086189459e-04
1.261261261261261257e+00 1.228058374207247516e-04
1.366366366366366325e+00 1.225411530900875814e-04
1.471471471471471615e+00 1.222559347349063807e-04
1.576576576576576683e+00 1.219503284891525961e-04
1.681681681681681750e+00 1.216244906777945651e-04
1.786786786786786818e+00 1.212785876835399343e-04
1.891891891891891886e+00 1.209127958052544415e-04
1.996996996996997176e+00 1.205273011082266295e-04
2.102102102102102243e+00 1.201222992664555697e-04
2.207207207207207311e+00 1.196979953971494471e-04
2.312312312312312379e+00 1.192546038876304604e-04
2.417417417417417447e+00 1.187923482148507768e-04
2.522522522522522515e+00 1.183114607577319893e-04
2.627627627627627582e+00 1.178121826025487666e-04
2.732732732732732650e+00 1.172947633415847581e-04
2.837837837837838162e+00 1.167594608652959158e-04
2.942942942942943230e+00 1.162065411482234999e-04
3.048048048048048297e+00 1.156362780289055644e-04
3.153153153153153365e+00 1.150489529840412493e-04
3.258258258258258433e+00 1.144448548971688478e-04
3.363363363363363501e+00 1.138242798221231954e-04
3.468468468468468568e+00 1.131875307415434730e-04
3.573573573573573636e+00 1.125349173207064728e-04
3.678678678678678704e+00 1.118667556569651452e-04
3.783783783783783772e+00 1.111833680250757286e-04
3.888888888888888840e+00 1.104850826186998963e-04
3.993993993993994351e+00 1.097722332883717530e-04
4.099099099099099419e+00 1.090451592762215898e-04
4.204204204204204487e+00 1.083042049477506770e-04
4.309309309309309555e+00 1.075497195209530011e-04
4.414414414414414622e+00 1.067820567930808669e-04
4.519519519519519690e+00 1.060015748653526306e-04
4.624624624624624758e+00 1.052086358659007586e-04
4.729729729729729826e+00 1.044036056712587077e-04
4.834834834834834894e+00 1.035868536266845095e-04
4.939939939939939961e+00 1.027587522656185257e-04
5.045045045045045029e+00 1.019196770285711834e-04
5.150150150150150097e+00 1.010700059817351061e-04
5.255255255255255165e+00 1.002101195356140640e-04
5.360360360360360232e+00 9.934040016395888871e-05
5.465465465465465300e+00 9.846123212329743551e-05
5.570570570570570368e+00 9.757300117334276356e-05
5.675675675675676324e+00 9.667609429856027369e-05
5.780780780780781392e+00 9.577089943117049248e-05
5.885885885885886459e+00 9.485780517585997633e-05
5.990990990990991527e+00 9.393720053646863470e-05
6.096096096096096595e+00 9.300947464491639163e-05
6.201201201201201663e+00 9.207501649262738830e-05
6.306306306306306730e+00 9.113421466470406106e-05
6.411411411411411798e+00 9.018745707709798149e-05
6.516516516516516866e+00 8.923513071701804267e-05
6.621621621621621934e+00 8.827762138681034224e-05
6.726726726726727001e+00 8.731531345153768851e-05
6.831831831831832069e+00 8.634858959047933763e-05
6.936936936936937137e+00 8.537783055276513254e-05
7.042042042042042205e+00 8.440341491735051625e-05
7.147147147147147273e+00 8.342571885753147926e-05
7.252252252252252340e+00 8.244511591019089728e-05
7.357357357357357408e+00 8.146197674995999131e-05
7.462462462462462476e+00 8.047666896847013027e-05
7.567567567567567544e+00 7.948955685886277035e-05
7.672672672672672611e+00 7.850100120571636652e-05
7.777777777777777679e+00 7.751135908054098745e-05
7.882882882882883635e+00 7.652098364298297610e-05
7.987987987987988703e+00 7.553022394787298557e-05
8.093093093093093771e+00 7.453942475824239895e-05
8.198198198198198838e+00 7.354892636442426457e-05
8.303303303303303906e+00 7.255906440934592016e-05
8.408408408408408974e+00 7.157016972011211739e-05
8.513513513513514042e+00 7.058256814596793071e-05
8.618618618618619109e+00 6.959658040272242703e-05
8.723723723723724177e+00 6.861252192370515489e-05
8.828828828828829245e+00 6.763070271731830979e-05
8.933933933933934313e+00 6.665142723123927367e-05
9.039039039039039380e+00 6.567499422331850940e-05
9.144144144144144448e+00 6.470169663921068954e-05
9.249249249249249516e+00 6.373182149676634065e-05
9.354354354354354584e+00 6.276564977720438621e-05
9.459459459459459651e+00 6.180345632307710760e-05
9.564564564564564719e+00 6.084550974302984088e-05
9.669669669669669787e+00 5.989207232335113333e-05
9.774774774774774855e+00 5.894339994629954990e-05
9.879879879879879923e+00 5.799974201518627879e-05
9.984984984984984990e+00 5.706134138618466960e-05
1.009009009009009006e+01 5.612843430683001018e-05
1.019519519519519513e+01 5.520125036116580857e-05
1.030030030030030019e+01 5.428001242148535117e-05
1.040540540540540526e+01 5.336493660661017336e-05
1.051051051051051033e+01 5.245623224664047171e-05
1.061561561561561540e+01 5.155410185410550059e-05
1.072072072072072046e+01 5.065874110143584326e-05
1.082582582582582553e+01 4.977033880467285408e-05
1.093093093093093060e+01 4.888907691332493755e-05
1.103603603603603567e+01 4.801513050627420398e-05
1.114114114114114074e+01 4.714866779363162749e-05
1.124624624624624758e+01 4.628985012443355331e-05
1.135135135135135265e+01 4.543883200006714287e-05
1.145645645645645772e+01 4.459576109330760192e-05
1.156156156156156278e+01 4.376077827284565261e-05
1.166666666666666785e+01 4.293401763317888573e-05
1.177177177177177292e+01 4.211560652973693632e-05
1.187687687687687799e+01 4.130566561910655658e-05
1.198198198198198305e+01 4.050430890421883814e-05
1.208708708708708812e+01 3.971164378435770523e-05
1.219219219219219319e+01 3.892777110984575089e-05
1.229729729729729826e+01 3.815278524126051362e-05
1.240240240240240333e+01 3.738677411303191332e-05
1.250750750750750839e+01 3.662981930126905830e-05
1.261261261261261346e+01 3.588199609566282574e-05
1.271771771771771853e+01 3.514337357530864615e-05
1.282282282282282360e+01 3.441401468829231641e-05
1.292792792792792866e+01 3.369397633488064952e-05
1.303303303303303373e+01 3.298330945415725801e-05
1.313813813813813880e+01 3.228205911394353781e-05
1.324324324324324387e+01 3.159026460384361113e-05
1.334834834834834894e+01 3.090795953125235335e-05
1.345345345345345400e+01 3.023517192016486607e-05
1.355855855855855907e+01 2.957192431262645354e-05
1.366366366366366414e+01 2.891823387266189145e-05
1.376876876876876921e+01 2.827411249252375356e-05
1.387387387387387427e+01 2.763956690110007581e-05
1.397897897897897934e+01 2.701459877432261757e-05
1.408408408408408441e+01 2.639920484741807336e-05
1.418918918918918948e+01 2.579337702884609647e-05
1.429429429429429455e+01 2.519710251576914449e-05
1.439939939939939961e+01 2.461036391090124691e-05
1.450450450450450468e+01 2.403313934058436073e-05
1.460960960960960975e+01 2.346540257394309046e-05
1.471471471471471482e+01 2.290712314297074794e-05
1.481981981981981988e+01 2.235826646340204830e-05
1.492492492492492495e+01 2.181879395623011672e-05
1.503003003003003002e+01 2.128866316972818798e-05
1.513513513513513509e+01 2.076782790183918595e-05
1.524024024024024015e+01 2.025623832279886729e-05
1.534534534534534522e+01 1.975384109786166626e-05
1.545045045045045029e+01 1.926057951000110144e-05
1.555555555555555536e+01 1.877639358245988482e-05
1.566066066066066043e+01 1.830122020102817413e-05
1.576576576576576727e+01 1.783499323593173587e-05
1.587087087087087234e+01 1.737764366321519207e-05
1.597597597597597741e+01 1.692909968550894892e-05
1.608108108108108070e+01 1.648928685207228493e-05
1.618618618618618754e+01 1.605812817800815945e-05
1.629129129129129083e+01 1.563554426254959510e-05
1.639639639639639768e+01 1.522145340632048470e-05
1.650150150150150097e+01 1.481577172747828406e-05
1.660660660660660781e+01 1.441841327664883928e-05
1.671171171171171110e+01 1.402929015056835374e-05
1.681681681681681795e+01 1.364831260435046986e-05
1.692192192192192124e+01 1.327538916230100444e-05
1.702702702702702808e+01 1.291042672720598841e-05
1.713213213213213137e+01 1.255333068802321727e-05
1.723723723723723822e+01 1.220400502591054208e-05
1.734234234234234151e+01 1.186235241852877652e-05
1.744744744744744835e+01 1.152827434256004602e-05
1.755255255255255165e+01 1.120167117438687434e-05
1.765765765765765849e+01 1.088244228888045037e-05
1.776276276276276178e+01 1.057048615625077175e-05
1.786786786786786863e+01 1.026570043691433492e-05
1.797297297297297547e+01 9.967982074339415511e-06
1.807807807807807876e+01 9.677227385831926952e-06
1.818318318318318561e+01 9.393332151228550426e-06
1.828828828828828890e+01 9.116191699467611866e-06
1.839339339339339574e+01 8.845700993010875446e-06
1.849849849849849903e+01 8.581754710093524269e-06
1.860360360360360588e+01 8.324247324782229842e-06
1.870870870870870917e+01 8.073073184824908417e-06
1.881381381381381601e+01 7.828126587278406653e-06
1.891891891891891930e+01 7.589301851903904812e-06
1.902402402402402615e+01 7.356493392322306579e-06
1.912912912912912944e+01 7.129595784925266025e-06
1.923423423423423628e+01 6.908503835539789160e-06
1.933933933933933957e+01 6.693112643847589172e-06
1.944444444444444642e+01 6.483317665562603793e-06
1.954954954954954971e+01 6.279014772372925049e-06
1.965465465465465655e+01 6.080100309655617674e-06
1.975975975975975985e+01 5.886471151975563793e-06
1.986486486486486669e+01 5.698024756381434109e-06
1.996996996996996998e+01 5.514659213514404876e-06
2.007507507507507682e+01 5.336273296547072915e-06
2.018018018018018012e+01 5.162766507972279991e-06
2.028528528528528696e+01 4.994039124263255301e-06
2.039039039039039025e+01 4.829992238428549046e-06
2.049549549549549710e+01 4.670527800486731020e-06
2.060060060060060039e+01 4.515548655887760200e-06
2.070570570570570723e+01 4.364958581909172263e-06
2.081081081081081052e+01 4.218662322057064885e-06
2.091591591591591737e+01 4.076565618502865323e-06
2.102102102102102066e+01 3.938575242588524050e-06
2.112612612612612750e+01 3.804599023433681204e-06
2.123123123123123079e+01 3.674545874679718000e-06
2.133633633633633764e+01 3.548325819406421375e-06
2.144144144144144093e+01 3.425850013258189124e-06
2.154654654654654777e+01 3.307030765817294424e-06
2.165165165165165106e+01 3.191781560262817070e-06
2.175675675675675791e+01 3.080017071354260450e-06
2.186186186186186120e+01 2.971653181779797757e-06
2.196696696696696804e+01 2.866606996909369252e-06
2.207207207207207134e+01 2.764796857993604920e-06
2.217717717717717818e+01 2.666142353849695578e-06
2.228228228228228147e+01 2.570564331075934278e-06
2.238738738738738832e+01 2.477984902836668552e-06
2.249249249249249516e+01 2.388327456259845286e-06
2.259759759759759845e+01 2.301516658489285172e-06
2.270270270270270530e+01 2.217478461433998140e-06
2.280780780780780859e+01 2.136140105256887172e-06
2.291291291291291543e+01 2.057430120645048603e-06
2.301801801801801872e+01 1.981278329903905748e-06
2.312312312312312557e+01 1.907615846917146785e-06
2.322822822822822886e+01 1.836375076014364953e-06
2.333333333333333570e+01 1.767489709787883429e-06
2.343843843843843899e+01 1.700894725900165967e-06
2.354354354354354584e+01 1.636526382922623553e-06
2.364864864864864913e+01 1.574322215246492642e-06
2.375375375375375597e+01 1.514221027105818750e-06
2.385885885885885926e+01 1.456162885752293868e-06
2.396396396396396611e+01 1.400089113821037451e-06
2.406906906906906940e+01 1.345942280926040745e-06
2.417417417417417624e+01 1.293666194523261142e-06
2.427927927927927954e+01 1.243205890078918265e-06
2.438438438438438638e+01 1.194507620579773157e-06
2.448948948948948967e+01 1.147518845421655635e-06
2.459459459459459651e+01 1.102188218711724562e-06
2.469969969969969981e+01 1.058465577019326616e-06
2.480480480480480665e+01 1.016301926609553827e-06
2.490990990990990994e+01 9.756494301929089761e-07
2.501501501501501679e+01 9.364613932237038166e-07
2.512012012012012008e+01 8.986922497790783673e-07
2.522522522522522692e+01 8.622975480497287598e-07
2.533033033033033021e+01 8.272339354726841523e-07
2.543543543543543706e+01 7.934591435356150644e-07
2.554054054054054035e+01 7.609319722814229165e-07
2.564564564564564719e+01 7.296122745409873671e-07
2.575075075075075048e+01 6.994609399211785151e-07
2.585585585585585733e+01 6.704398785743886001e-07
2.596096096096096062e+01 6.425120047750477639e-07
2.606606606606606746e+01 6.156412203277383332e-07
2.617117117117117076e+01 5.897923978307273536e-07
2.627627627627627760e+01 5.649313638178926164e-07
2.638138138138138089e+01 5.410248818012348625e-07
2.648648648648648773e+01 5.180406352353145135e-07
2.659159159159159103e+01 4.959472104241932874e-07
2.669669669669669787e+01 4.747140793906111167e-07
2.680180180180180116e+01 4.543115827263870446e-07
2.690690690690690801e+01 4.347109124421968646e-07
2.701201201201201485e+01 4.158840948341510225e-07
2.711711711711711814e+01 3.978039733837914104e-07
2.722222222222222499e+01 3.804441917073957475e-07
2.732732732732732828e+01 3.637791765697273514e-07
2.743243243243243512e+01 3.477841209766194833e-07
2.753753753753753841e+01 3.324349673600962429e-07
2.764264264264264526e+01 3.177083908689811992e-07
2.774774774774774855e+01 3.035817827772973351e-07
2.785285285285285539e+01 2.900332340220392569e-07
2.795795795795795868e+01 2.770415188812673178e-07
2.806306306306306553e+01 2.645860788027959396e-07
2.816816816816816882e+01 2.526470063931356461e-07
2.827327327327327566e+01 2.412050295757016070e-07
2.837837837837837895e+01 2.302414959267272059e-07
2.848348348348348580e+01 2.197383571967028647e-07
2.858858858858858909e+01 2.096781540246086193e-07
2.869369369369369593e+01 2.000440008516374857e-07
2.879879879879879923e+01 1.908195710405803853e-07
2.890390390390390607e+01 1.819890822064987534e-07
2.900900900900900936e+01 1.735372817638305827e-07
2.911411411411411621e+01 1.654494326945527430e-07
2.921921921921921950e+01 1.577112995415783093e-07
2.932432432432432634e+01 1.503091346310795771e-07
2.942942942942942963e+01 1.432296645270134887e-07
2.953453453453453648e+01 1.364600767206733167e-07
2.963963963963963977e+01 1.299880065577026466e-07
2.974474474474474661e+01 1.238015244045958549e-07
2.984984984984984990e+01 1.178891230563469615e-07
2.995495495495495675e+01 1.122397053865296482e-07
3.006006006006006004e+01 1.068425722407609577e-07
3.016516516516516688e+01 1.016874105741527808e-07
3.027027027027027017e+01 9.676428183305288587e-08
3.037537537537537702e+01 9.206361058106355408e-08
3.048048048048048031e+01 8.757617336904771064e-08
3.058558558558558715e+01 8.329308784854965378e-08
3.069069069069069045e+01 7.920580212780902416e-08
3.079579579579579729e+01 7.530608436928890797e-08
3.090090090090090058e+01 7.158601262741943982e-08
3.100600600600600742e+01 6.803796492502631691e-08
3.111111111111111072e+01 6.465460956672045953e-08
3.121621621621621756e+01 6.142889568731829735e-08
3.132132132132132085e+01 5.835404403319243037e-08
3.142642642642642770e+01 5.542353797427216053e-08
3.153153153153153454e+01 5.263111474426416017e-08
3.163663663663663783e+01 4.997075690650934383e-08
3.174174174174174468e+01 4.743668404275921750e-08
3.184684684684684797e+01 4.502334466203038619e-08
3.195195195195195481e+01 4.272540832657541045e-08
3.205705705705705810e+01 4.053775799190836478e-08
3.216216216216216139e+01 3.845548255772188657e-08
3.226726726726727179e+01 3.647386962644943528e-08
3.237237237237237508e+01 3.458839846614590105e-08
3.247747747747747837e+01 3.279473317428918624e-08
3.258258258258258167e+01 3.108871603904640911e-08
3.268768768768769206e+01 2.946636109449233526e-08
3.279279279279279535e+01 2.792384786622180697e-08
3.289789789789789864e+01 2.645751530375796797e-08
3.300300300300300194e+01 2.506385589612842485e-08
3.310810810810811233e+01 2.373950996695246243e-08
3.321321321321321562e+01 2.248126014536493709e-08
3.331831831831831892e+01 2.128602600908814522e-08
3.342342342342342221e+01 2.015085889595589672e-08
3.352852852852853260e+01 1.907293688019058558e-08
3.363363363363363590e+01 1.804955990973761301e-08
3.373873873873873919e+01 1.707814510096753734e-08
3.384384384384384248e+01 1.615622218707084664e-08
3.394894894894895288e+01 1.528142911648338932e-08
3.405405405405405617e+01 1.445150779770407045e-08
3.415915915915915946e+01 1.366429998688725712e-08
3.426426426426426275e+01 1.291774331462342446e-08
3.436936936936937315e+01 1.220986744834977443e-08
3.447447447447447644e+01 1.153879038686862621e-08
3.457957957957957973e+01 1.090271488348645927e-08
3.468468468468468302e+01 1.029992499432867816e-08
3.478978978978979342e+01 9.728782748424548528e-09
3.489489489489489671e+01 9.187724936203170134e-09
3.500000000000000000e+01 8.675260013086316670e-09
3.510510510510510329e+01 8.189965114913579739e-09
3.521021021021021369e+01 7.730483181984059769e-09
3.531531531531531698e+01 7.295520188551348532e-09
3.542042042042042027e+01 6.883842474660418003e-09
3.552552552552552356e+01 6.494274177270457173e-09
3.563063063063063396e+01 6.125694757661654579e-09
3.573573573573573725e+01 5.777036622180863315e-09
3.584084084084084054e+01 5.447282833437292191e-09
3.594594594594595094e+01 5.135464909117747481e-09
3.605105105105105423e+01 4.840660705648245160e-09
3.615615615615615752e+01 4.561992383987525198e-09
3.626126126126126081e+01 4.298624454897281831e-09
3.636636636636637121e+01 4.049761901092070385e-09
3.647147147147147450e+01 3.814648373731703565e-09
3.657657657657657779e+01 3.592564460777306858e-09
3.668168168168168108e+01 3.382826024792063716e-09
3.678678678678679148e+01 3.184782607825555254e-09
3.689189189189189477e+01 2.997815901080003641e-09
3.699699699699699806e+01 2.821338277114238871e-09
3.710210210210210136e+01 2.654791382399746120e-09
3.720720720720721175e+01 2.497644788100013807e-09
3.731231231231231504e+01 2.349394697001541148e-09
3.741741741741741833e+01 2.209562704581069336e-09
3.752252252252252163e+01 2.077694612249377623e-09
3.762762762762763202e+01 1.953359290866859128e-09
3.773273273273273531e+01 1.836147592680524611e-09
3.783783783783783861e+01 1.725671309885438940e-09
3.794294294294294190e+01 1.621562178066603172e-09
3.804804804804805229e+01 1.523470922828981142e-09
3.815315315315315559e+01 1.431066347974596547e-09
3.825825825825825888e+01 1.344034463635725739e-09
3.836336336336336217e+01 1.262077652822665461e-09
3.846846846846847257e+01 1.184913874892768845e-09
3.857357357357357586e+01 1.112275904495023262e-09
3.867867867867867915e+01 1.043910604590836633e-09
3.878378378378378244e+01 9.795782321973432760e-10
3.888888888888889284e+01 9.190517755440284096e-10
3.899399399399399613e+01 8.621163213770725637e-10
3.909909909909909942e+01 8.085684511883934833e-10
3.920420420420420271e+01 7.582156651880485700e-10
3.930930930930931311e+01 7.108758328791815832e-10
3.941441441441441640e+01 6.663766691343830773e-10
3.951951951951951969e+01 6.245552347109492138e-10
3.962462462462462298e+01 5.852574601802060117e-10
3.972972972972973338e+01 5.483376922826983082e-10
3.983483483483483667e+01 5.136582617567845546e-10
3.993993993993993996e+01 4.810890717228550198e-10
4.004504504504504325e+01 4.505072057392458713e-10
4.015015015015015365e+01 4.217965546786514361e-10
4.025525525525525694e+01 3.948474616058154872e-10
4.036036036036036023e+01 3.695563838681504554e-10
4.046546546546547063e+01 3.458255716410672935e-10
4.057057057057057392e+01 3.235627621988857523e-10
4.067567567567567721e+01 3.026808892104460422e-10
4.078078078078078050e+01 2.830978063859819354e-10
4.088588588588589090e+01 2.647360248282753220e-10
4.099099099099099419e+01 2.475224634668322731e-10
4.109609609609609748e+01 2.313882119786508985e-10
4.120120120120120077e+01 2.162683056232209996e-10
4.130630630630631117e+01 2.021015114426101336e-10
4.141141141141141446e+01 1.888301252999883163e-10
4.151651651651651775e+01 1.763997792516191542e-10
4.162162162162162105e+01 1.647592587683518955e-10
4.172672672672673144e+01 1.538603293428394563e-10
4.183183183183183473e+01 1.436575720382683661e-10
4.193693693693693803e+01 1.341082275531962992e-10
4.204204204204204132e+01 1.251720483952759964e-10
4.214714714714715171e+01 1.168111587741200439e-10
4.225225225225225500e+01 1.089899218404465502e-10
4.235735735735735830e+01 1.016748139148597177e-10
4.246246246246246159e+01 9.483430536527424158e-11
4.256756756756757198e+01 8.843874780701661257e-11
4.267267267267267528e+01 8.246026731411789343e-11
4.277777777777777857e+01 7.687266334421885049e-11
4.288288288288288186e+01 7.165131309289200280e-11
4.298798798798799226e+01 6.677308100603173058e-11
4.309309309309309555e+01 6.221623319131083236e-11
4.319819819819819884e+01 5.796035648155419063e-11
4.330330330330330213e+01 5.398628191426506727e-11
4.340840840840841253e+01 5.027601240244979083e-11
4.351351351351351582e+01 4.681265438236682788e-11
4.361861861861861911e+01 4.358035323386148819e-11
4.372372372372372240e+01 4.056423227858199055e-11
4.382882882882883280e+01 3.775033517059038024e-11
4.393393393393393609e+01 3.512557150272085411e-11
4.403903903903903938e+01 3.267766546049661041e-11
4.414414414414414267e+01 3.039510736352170923e-11
4.424924924924925307e+01 2.826710794200911129e-11
4.435435435435435636e+01 2.628355520352684529e-11
4.445945945945945965e+01 2.443497375213022613e-11
4.456456456456456294e+01 2.271248642883557334e-11
4.466966966966967334e+01 2.110777814886253345e-11
4.477477477477477663e+01 1.961306181726934759e-11
4.487987987987987992e+01 1.822104621051380730e-11
4.498498498498499032e+01 1.692490571712370453e-11
4.509009009009009361e+01 1.571825183604569799e-11
4.519519519519519690e+01 1.459510633638626220e-11
4.530030030030030019e+01 1.354987598716544192e-11
4.540540540540541059e+01 1.257732877038057613e-11
4.551051051051051388e+01 1.167257149514010213e-11
4.561561561561561717e+01 1.083102873487622775e-11
4.572072072072072046e+01 1.004842301369890523e-11
4.582582582582583086e+01 9.320756171809340793e-12
4.593093093093093415e+01 8.644291843566799456e-12
4.603603603603603744e+01 8.015538985298934403e-12
4.614114114114114074e+01 7.431236393275520928e-12
4.624624624624625113e+01 6.888338155431050052e-12
4.635135135135135442e+01 6.383999983434520232e-12
4.645645645645645772e+01 5.915566374567467271e-12
4.656156156156156101e+01 5.480558555595363285e-12
4.666666666666667140e+01 5.076663163402860476e-12
4.677177177177177470e+01 4.701721619622119995e-12
4.687687687687687799e+01 4.353720158817265740e-12
4.698198198198198128e+01 4.030780472005233172e-12
4.708708708708709167e+01 3.731150929395986781e-12
4.719219219219219497e+01 3.453198348232710168e-12
4.729729729729729826e+01 3.195400273505903456e-12
4.740240240240240155e+01 2.956337741112352472e-12
4.750750750750751195e+01 2.734688494732792826e-12
4.761261261261261524e+01 2.529220629317143220e-12
4.771771771771771853e+01 2.338786635595782622e-12
4.782282282282282182e+01 2.162317821485693659e-12
4.792792792792793222e+01 1.998819087632597736e-12
4.803303303303303551e+01 1.847364035630793782e-12
4.813813813813813880e+01 1.707090388692732820e-12
4.824324324324324209e+01 1.577195705705448514e-12
4.834834834834835249e+01 1.456933370712679933e-12
4.845345345345345578e+01 1.345608840903865279e-12
4.855855855855855907e+01 1.242576137176873015e-12
4.866366366366366236e+01 1.147234562273201009e-12
4.876876876876877276e+01 1.059025632364893340e-12
4.887387387387387605e+01 9.774302088046779771e-13
4.897897897897897934e+01 9.019658175367615661e-13
4.908408408408408263e+01 8.321841444082051054e-13
4.918918918918919303e+01 7.676686953214659064e-13
4.929429429429429632e+01 7.080326108304626125e-13
4.939939939939939961e+01 6.529166254065280491e-13
4.950450450450451001e+01 6.019871621898324335e-13
4.960960960960961330e+01 5.549345545970866883e-13
4.971471471471471659e+01 5.114713866802100260e-13
4.981981981981981988e+01 4.713309446244368508e-13
4.992492492492493028e+01 4.342657722395337191e-13
5.003003003003003357e+01 4.000463237363626625e-13
5.013513513513513686e+01 3.684597074939291990e-13
5.024024024024024015e+01 3.393085149110568959e-13
5.034534534534535055e+01 3.124097288029465300e-13
5.045045045045045384e+01 2.875937061475970781e-13
5.055555555555555713e+01 2.647032303113489949e-13
5.066066066066066043e+01 2.435926281880308977e-13
5.076576576576577082e+01 2.241269479731155137e-13
5.087087087087087411e+01 2.061811935642082555e-13
5.097597597597597741e+01 1.896396118328801902e-13
5.108108108108108070e+01 1.743950292513411305e-13
5.118618618618619109e+01 1.603482345814541975e-13
5.129129129129129439e+01 1.474074045441216060e-13
5.139639639639639768e+01 1.354875695847123498e-13
5.150150150150150097e+01 1.245101170358373218e-13
5.160660660660661136e+01 1.144023291529887312e-13
5.171171171171171466e+01 1.050969536620907947e-13
5.181681681681681795e+01 9.653180461141625934e-14
5.192192192192192124e+01 8.864939146425476109e-14
5.202702702702703164e+01 8.139657450366005626e-14
5.213213213213213493e+01 7.472424474716823259e-14
5.223723723723723822e+01 6.858702668796484453e-14
5.234234234234234151e+01 6.294300229016613589e-14
5.244744744744745191e+01 5.775345476999446029e-14
5.255255255255255520e+01 5.298263079220539625e-14
5.265765765765765849e+01 4.859751980245056259e-14
5.276276276276276178e+01 4.456764930181877567e-14
5.286786786786787218e+01 4.086489494982784490e-14
5.297297297297297547e+01 3.746330445707708137e-14
5.307807807807807876e+01 3.433893429884873764e-14
5.318318318318318205e+01 3.146969834652015436e-14
5.328828828828829245e+01 2.883522757494688305e-14
5.339339339339339574e+01 2.641674006130442823e-14
5.349849849849849903e+01 2.419692054444665691e-14
5.360360360360360232e+01 2.215980886391452983e-14
5.370870870870871272e+01 2.029069664449542046e-14
5.381381381381381601e+01 1.857603163593429563e-14
5.391891891891891930e+01 1.700332915818953295e-14
5.402402402402402970e+01 1.556109014072915811e-14
5.412912912912913299e+01 1.423872527991017418e-14
5.423423423423423628e+01 1.302648487166919903e-14
5.433933933933933957e+01 1.191539390770882669e-14
5.444444444444444997e+01 1.089719205223791980e-14
5.454954954954955326e+01 9.964278143253438103e-15
5.465465465465465655e+01 9.109658887454956440e-15
5.475975975975975985e+01 8.326901441287489051e-15
5.486486486486487024e+01 7.610089592413601829e-15
5.496996996996997353e+01 6.953783276236091558e-15
5.507507507507507682e+01 6.352981181018244229e-15
5.518018018018018012e+01 5.803086212775798084e-15
5.528528528528529051e+01 5.299873607523630737e-15
5.539039039039039380e+01 4.839461493738556665e-15
5.549549549549549710e+01 4.418283722113913527e-15
5.560060060060060039e+01 4.033064792911667486e-15
5.570570570570571078e+01 3.680796723520494501e-15
5.581081081081081408e+01 3.358717710273381220e-15
5.591591591591591737e+01 3.064292449217298022e-15
5.602102102102102066e+01 2.795193990420284224e-15
5.612612612612613106e+01 2.549287009592960987e-15
5.623123123123123435e+01 2.324612389344023192e-15
5.633633633633633764e+01 2.119373010324255174e-15
5.644144144144144093e+01 1.931920659884035794e-15
5.654654654654655133e+01 1.760743972712256403e-15
5.665165165165165462e+01 1.604457324278546009e-15
5.675675675675675791e+01 1.461790603796897115e-15
5.686186186186186120e+01 1.331579798901306550e-15
5.696696696696697160e+01 1.212758329300216394e-15
5.707207207207207489e+01 1.104349071385492242e-15
5.717717717717717818e+01 1.005457020138091203e-15
5.728228228228228147e+01 9.152625387211118573e-16
5.738738738738739187e+01 8.330151499033216060e-16
5.749249249249249516e+01 7.580278269339142132e-16
5.759759759759759845e+01 6.896717447112496973e-16
5.770270270270270174e+01 6.273714550730758446e-16
5.780780780780781214e+01 5.706004527997209564e-16
5.791291291291291543e+01 5.188771014811787370e-16
5.801801801801801872e+01 4.717608907681877556e-16
5.812312312312312201e+01 4.288489987201660100e-16
5.822822822822823241e+01 3.897731349918034872e-16
5.833333333333333570e+01 3.541966424771120191e-16
5.843843843843843899e+01 3.218118367657771409e-16
5.854354354354354939e+01 2.923375643720886379e-16
5.864864864864865268e+01 2.655169621807622188e-16
5.875375375375375597e+01 2.411154019258443542e-16
5.885885885885885926e+01 2.189186047866305000e-16
5.896396396396396966e+01 1.987309123556923288e-16
5.906906906906907295e+01 1.803737013160891983e-16
5.917417417417417624e+01 1.636839301639070899e-16
5.927927927927927954e+01 1.485128072348504723e-16
5.938438438438438993e+01 1.347245701451733463e-16
5.948948948948949322e+01 1.221953675431927620e-16
5.959459459459459651e+01 1.108122347928466295e-16
5.969969969969969981e+01 1.004721558797908953e-16
5.980480480480481020e+01 9.108120444757527525e-17
5.990990990990991349e+01 8.255375744047033177e-17
6.001501501501501679e+01 7.481177535407750826e-17
6.012012012012012008e+01 6.778414357842455995e-17
6.022522522522523047e+01 6.140606976381454062e-17
6.033033033033033377e+01 5.561853255025950909e-17
6.043543543543543706e+01 5.036777737950076218e-17
6.054054054054054035e+01 4.560485545690770505e-17
6.064564564564565075e+01 4.128520225122318174e-17
6.075075075075075404e+01 3.736825221534112414e-17
6.085585585585585733e+01 3.381708668300334220e-17
6.096096096096096062e+01 3.059811214632156693e-17
6.106606606606607102e+01 2.768076634903515245e-17
6.117117117117117431e+01 2.503724984198257392e-17
6.127627627627627760e+01 2.264228084180511288e-17
6.138138138138138089e+01 2.047287141278246513e-17
6.148648648648649129e+01 1.850812315610837526e-17
6.159159159159159458e+01 1.672904074202377410e-17
6.169669669669669787e+01 1.511836175905799307e-17
6.180180180180180116e+01 1.366040148217231070e-17
6.190690690690691156e+01 1.234091127873495319e-17
6.201201201201201485e+01 1.114694947881967796e-17
6.211711711711711814e+01 1.006676363506456985e-17
6.222222222222222143e+01 9.089683187968934556e-18
6.232732732732733183e+01 8.206021635674853186e-18
6.243243243243243512e+01 7.406987383595903504e-18
6.253753753753753841e+01 6.684602519250754651e-18
6.264264264264264170e+01 6.031628821859408074e-18
6.274774774774775210e+01 5.441500375119023532e-18
6.285285285285285539e+01 4.908262205538201484e-18
6.295795795795795868e+01 4.426514418163129954e-18
6.306306306306306908e+01 3.991361346848885749e-18
6.316816816816817237e+01 3.598365277746360093e-18
6.327327327327327566e+01 3.243504342704442933e-18
6.337837837837837895e+01 2.923134214114291510e-18
6.348348348348348935e+01 2.633953264607052446e-18
6.358858858858859264e+01 2.372970884205466514e-18
6.369369369369369593e+01 2.137478674242655051e-18
6.379879879879879923e+01 1.925024261804519852e-18
6.390390390390390962e+01 1.733387500813005225e-18
6.400900900900900581e+01 1.560558846320018711e-18
6.411411411411411621e+01 1.404719707284015056e-18
6.421921921921922660e+01 1.264224600201244263e-18
6.432432432432432279e+01 1.137584941592229961e-18
6.442942942942943318e+01 1.023454331629308847e-18
6.453453453453454358e+01 9.206151942416572359e-19
6.463963963963963977e+01 8.279666509567068285e-19
6.474474474474475016e+01 7.445135166264595347e-19
6.484984984984984635e+01 6.693563151302757716e-19
6.495495495495495675e+01 6.016822222234094621e-19
6.506006006006006714e+01 5.407568509869511771e-19
6.516516516516516333e+01 4.859168028959877064e-19
6.527027027027027373e+01 4.365629144221948282e-19
6.537537537537538412e+01 3.921541353806662750e-19
6.548048048048048031e+01 3.522019809703419214e-19
6.558558558558559071e+01 3.162655046914421760e-19
6.569069069069068689e+01 2.839467440946921657e-19
6.579579579579579729e+01 2.548865956659558748e-19
6.590090090090090769e+01 2.287610791133445349e-19
6.600600600600600387e+01 2.052779549344626576e-19
6.611111111111111427e+01 1.841736624307640052e-19
6.621621621621622467e+01 1.652105483315659134e-19
6.632132132132132085e+01 1.481743589177262684e-19
6.642642642642643125e+01 1.328719710182132606e-19
6.653153153153152743e+01 1.191293395128030376e-19
6.663663663663663783e+01 1.067896410307539179e-19
6.674174174174174823e+01 9.571159540653934658e-20
6.684684684684684441e+01 8.576794815567214420e-20
6.695195195195195481e+01 7.684409878167272209e-20
6.705705705705706521e+01 6.883686113264370049e-20
6.716216216216216139e+01 6.165334330542359682e-20
6.726726726726727179e+01 5.520993575822221912e-20
6.737237237237238219e+01 4.943139734942402233e-20
6.747747747747747837e+01 4.425002998032472307e-20
6.758258258258258877e+01 3.960493339169483497e-20
6.768768768768768496e+01 3.544133245609262962e-20
6.779279279279279535e+01 3.170997002696192928e-20
6.789789789789790575e+01 2.836655905843001263e-20
6.800300300300300194e+01 2.537128830220937161e-20
6.810810810810811233e+01 2.268837642572116999e-20
6.821321321321322273e+01 2.028566988336677013e-20
6.831831831831831892e+01 1.813428031535390250e-20
6.842342342342342931e+01 1.620825764978509748e-20
6.852852852852852550e+01 1.448429544756834180e-20
6.863363363363363590e+01 1.294146535954842451e-20
6.873873873873874629e+01 1.156097786422795208e-20
6.884384384384384248e+01 1.032596672534083576e-20
6.894894894894895288e+01 9.221294853986393283e-21
6.905405405405406327e+01 8.233379482354537497e-21
6.915915915915915946e+01 7.350034757406844303e-21
6.926426426426426985e+01 6.560330045187361417e-21
6.936936936936936604e+01 5.854462401472093231e-21
6.947447447447447644e+01 5.223641813832115856e-21
6.957957957957958683e+01 4.659987955358954418e-21
6.968468468468468302e+01 4.156437312587261133e-21
6.978978978978979342e+01 3.706659660769251250e-21
6.989489489489490381e+01 3.304982959697092383e-21
7.000000000000000000e+01 2.946325833721447904e-21
7.010510510510511040e+01 2.626136881391413576e-21
7.021021021021020658e+01 2.340340134048756158e-21
7.031531531531531698e+01 2.085286049498119681e-21
7.042042042042042738e+01 1.857707487219331328e-21
7.052552552552552356e+01 1.654680166092813538e-21
7.063063063063063396e+01 1.473587154837949980e-21
7.073573573573574436e+01 1.312086989812706544e-21
7.084084084084084054e+01 1.168085054949492694e-21
7.094594594594595094e+01 1.039707894821258087e-21
7.105105105105104712e+01 9.252801645154168318e-22
7.115615615615615752e+01 8.233039494810415589e-22
7.126126126126126792e+01 7.324402151157750023e-22
7.136636636636636410e+01 6.514921698481283339e-22
7.147147147147147450e+01 5.793903471032403248e-22
7.157657657657658490e+01 5.151792310416758256e-22
7.168168168168168108e+01 4.580052685383435818e-22
7.178678678678679148e+01 4.071061257093213644e-22
7.189189189189190188e+01 3.618010615665982241e-22
7.199699699699699806e+01 3.214823042370615840e-22
7.210210210210210846e+01 2.856073267614339655e-22
7.220720720720720465e+01 2.536919299154786759e-22
7.231231231231231504e+01 2.253040488824950142e-22
7.241741741741742544e+01 2.000582090556463697e-22
7.252252252252252163e+01 1.776105638522685958e-22
7.262762762762763202e+01 1.576544542639254752e-22
7.273273273273274242e+01 1.399164360205956849e-22
7.283783783783783861e+01 1.241527257826682311e-22
7.294294294294294900e+01 1.101460227521963188e-22
7.304804804804804519e+01 9.770266657000131583e-23
7.315315315315315559e+01 8.665009638778578780e-23
7.325825825825826598e+01 7.683457961970710026e-23
7.336336336336336217e+01 6.811918212608745374e-23
7.346846846846847257e+01 6.038195450015488490e-23
7.357357357357358296e+01 5.351431174973333753e-23
7.367867867867867915e+01 4.741958601945254875e-23
7.378378378378378954e+01 4.201173411231329025e-23
7.388888888888888573e+01 3.721418346636520994e-23
7.399399399399399613e+01 3.295880194470438583e-23
7.409909909909910652e+01 2.918497832466637694e-23
7.420420420420420271e+01 2.583880174254670789e-23
7.430930930930931311e+01 2.287232957946964240e-23
7.441441441441442350e+01 2.024293437641841282e-23
7.451951951951951969e+01 1.791272135483677376e-23
7.462462462462463009e+01 1.584800900527736703e-23
7.472972972972972627e+01 1.401886600069770905e-23
7.483483483483483667e+01 1.239869840261371712e-23
7.493993993993994707e+01 1.096388176587405376e-23
7.504504504504504325e+01 9.693433318880961095e-24
7.515015015015015365e+01 8.568719907530466197e-24
7.525525525525526405e+01 7.573197849075174555e-24
7.536036036036036023e+01 6.692181252069579417e-24
7.546546546546547063e+01 5.912635725487067525e-24
7.557057057057056682e+01 5.222994728457195487e-24
7.567567567567567721e+01 4.612996105846793878e-24
7.578078078078078761e+01 4.073536617711710769e-24
7.588588588588588379e+01 3.596542505674307175e-24
7.599099099099099419e+01 3.174854349447597481e-24
7.609609609609610459e+01 2.802124654616161115e-24
7.620120120120120077e+01 2.472726780724335045e-24
7.630630630630631117e+01 2.181673968808801063e-24
7.641141141141142157e+01 1.924547361612241714e-24
7.651651651651651775e+01 1.697432029508591418e-24
7.662162162162162815e+01 1.496860122166319887e-24
7.672672672672672434e+01 1.319760361520120199e-24
7.683183183183183473e+01 1.163413176923253331e-24
7.693693693693694513e+01 1.025410859498274034e-24
7.704204204204204132e+01 9.036221806586592703e-25
7.714714714714715171e+01 7.961609804113360190e-25
7.725225225225226211e+01 7.013582851452962260e-25
7.735735735735735830e+01 6.177375628613783701e-25
7.746246246246246869e+01 5.439927668275752083e-25
7.756756756756756488e+01 4.789688570086463885e-25
7.767267267267267528e+01 4.216445228183285908e-25
7.777777777777778567e+01 3.711168612240625975e-25
7.788288288288288186e+01 3.265877913951397204e-25
7.798798798798799226e+01 2.873520112843828524e-25
7.809309309309310265e+01 2.527863230887636256e-25
7.819819819819819884e+01 2.223401737308844199e-25
7.830330330330330924e+01 1.955272735965493194e-25
7.840840840840840542e+01 1.719181719805640005e-25
7.851351351351351582e+01 1.511336812369757939e-25
7.861861861861862621e+01 1.328390536832053318e-25
7.872372372372372240e+01 1.167388260313121469e-25
7.882882882882883280e+01 1.025722556593503978e-25
7.893393393393394319e+01 9.010928152026361868e-26
7.903903903903903938e+01 7.914695003029357247e-26
7.914414414414414978e+01 6.950625298647781508e-26
7.924924924924924596e+01 6.102933052501584521e-26
7.935435435435435636e+01 5.357699743095567587e-26
7.945945945945946676e+01 4.702655581784603345e-26
7.956456456456456294e+01 4.126986137853040226e-26
7.966966966966967334e+01 3.621161412329411969e-26
7.977477477477478374e+01 3.176784782062017176e-26
7.987987987987987992e+01 2.786459528491726310e-26
7.998498498498499032e+01 2.443670925577221119e-26
8.009009009009008651e+01 2.142682092101422381e-26
8.019519519519519690e+01 1.878442018364667815e-26
8.030030030030030730e+01 1.646504358951084711e-26
8.040540540540540349e+01 1.442955744404750142e-26
8.051051051051051388e+01 1.264352507572992095e-26
8.061561561561562428e+01 1.107664847097598850e-26
8.072072072072072046e+01 9.702275628775297217e-27
8.082582582582583086e+01 8.496965979026458595e-27
8.093093093093094126e+01 7.440107090994658294e-27
8.103603603603603744e+01 6.513576680126163445e-27
8.114114114114114784e+01 5.701444614044395376e-27
8.124624624624624403e+01 4.989710231953422110e-27
8.135135135135135442e+01 4.366070834843832010e-27
8.145645645645646482e+01 3.819717684796668264e-27
8.156156156156156101e+01 3.341156277347644944e-27
8.166666666666667140e+01 2.922048027601966133e-27
8.177177177177178180e+01 2.555070844127298938e-27
8.187687687687687799e+01 2.233796359546410883e-27
8.198198198198198838e+01 1.952581847587497775e-27
8.208708708708708457e+01 1.706475087015526952e-27
8.219219219219219497e+01 1.491130636813959421e-27
8.229729729729730536e+01 1.302736167277220959e-27
8.240240240240240155e+01 1.137947651018298615e-27
8.250750750750751195e+01 9.938323587052812150e-28
8.261261261261262234e+01 8.678187287445241407e-28
8.271771771771771853e+01 7.576522900177127149e-28
8.282282282282282893e+01 6.613569138320181580e-28
8.292792792792792511e+01 5.772007569381940400e-28
8.303303303303303551e+01 5.036663331264943404e-28
8.313813813813814591e+01 4.394242176890573045e-28
8.324324324324324209e+01 3.833099479685150507e-28
8.334834834834835249e+01 3.343037352103562518e-28
8.345345345345346288e+01 2.915126488067842208e-28
8.355855855855855907e+01 2.541549744771727825e-28
8.366366366366366947e+01 2.215464836073933653e-28
8.376876876876876565e+01 1.930883824252058447e-28
8.387387387387387605e+01 1.682567374166493574e-28
8.397897897897898645e+01 1.465931978258702159e-28
8.408408408408408263e+01 1.276968576142174750e-28
8.418918918918919303e+01 1.112171182256008135e-28
8.429429429429430343e+01 9.684743021555910261e-29
8.439939939939939961e+01 8.431980651783228627e-29
8.450450450450451001e+01 7.340001308022516354e-29
8.460960960960960620e+01 6.388335400888763672e-29
8.471471471471471659e+01 5.559097840058902369e-29
8.481981981981982699e+01 4.836664487836588433e-29
8.492492492492492318e+01 4.207388761990217694e-29
8.503003003003003357e+01 3.659353450675658107e-29
8.513513513513514397e+01 3.182153403723567949e-29
8.524024024024024015e+01 2.766705293474694973e-29
8.534534534534535055e+01 2.405081103351585893e-29
8.545045045045046095e+01 2.090362411101748974e-29
8.555555555555555713e+01 1.816512892874822441e-29
8.566066066066066753e+01 1.578266789948681567e-29
8.576576576576576372e+01 1.371031357225190641e-29
8.587087087087087411e+01 1.190801556190662997e-29
8.597597597597598451e+01 1.034085468944086368e-29
8.608108108108108070e+01 8.978390977108130558e-30
8.618618618618619109e+01 7.794093791379072326e-30
8.629129129129130149e+01 6.764843873806538707e-30
8.639639639639639768e+01 5.870498269803664702e-30
8.650150150150150807e+01 5.093510279530357152e-30
8.660660660660660426e+01 4.418597532456833296e-30
8.671171171171171466e+01 3.832452144370414957e-30
8.681681681681682505e+01 3.323487667261617153e-30
8.692192192192192124e+01 2.881618201514816082e-30
8.702702702702703164e+01 2.498065617477188321e-30
8.713213213213214203e+01 2.165191339719725943e-30
8.723723723723723822e+01 1.876349590883204571e-30
8.734234234234234862e+01 1.625759380608661094e-30
8.744744744744744480e+01 1.408392865428086564e-30
8.755255255255255520e+01 1.219878003570316910e-30
8.765765765765766560e+01 1.056413689628891036e-30
8.776276276276276178e+01 9.146957825095496628e-31
8.786786786786787218e+01 7.918526400449161171e-31
8.797297297297298257e+01 6.853889486531091369e-31
8.807807807807807876e+01 5.931367895169304100e-31
8.818318318318318916e+01 5.132130166868287532e-31
8.828828828828828534e+01 4.439821396403672878e-31
8.839339339339339574e+01 3.840240052524705862e-31
8.849849849849850614e+01 3.321056636750218862e-31
8.860360360360360232e+01 2.871568808939465253e-31
8.870870870870871272e+01 2.482488291358797034e-31
8.881381381381382312e+01 2.145755460656076580e-31
8.891891891891891930e+01 1.854378059306166572e-31
8.902402402402402970e+01 1.602290914166289354e-31
8.912912912912912589e+01 1.384233948064326326e-31
8.923423423423423628e+01 1.195646118093481910e-31
8.933933933933934668e+01 1.032573217863544623e-31
8.944444444444444287e+01 8.915877459170036722e-32
8.954954954954955326e+01 7.697192737338180115e-32
8.965465465465466366e+01 6.643939484771610308e-32
8.975975975975975985e+01 5.733819416028192395e-32
8.986486486486487024e+01 4.947518079287548981e-32
8.996996996996998064e+01 4.268308535880831894e-32
9.007507507507507682e+01 3.681707279626012432e-32
9.018018018018018722e+01 3.175175563949694256e-32
9.028528528528528341e+01 2.737860191100982033e-32
9.039039039039039380e+01 2.360368590053187567e-32
9.049549549549550420e+01 2.034573682497621747e-32
9.060060060060060039e+01 1.753444622355482218e-32
9.070570570570571078e+01 1.510900004580819761e-32
9.081081081081082118e+01 1.301680583380378449e-32
9.091591591591591737e+01 1.121238926799870131e-32
9.102102102102102776e+01 9.656437713097642313e-33
9.112612612612612395e+01 8.314971330057053998e-33
9.123123123123123435e+01 7.158624869491235568e-33
9.133633633633634474e+01 6.162025479175023864e-33
9.144144144144144093e+01 5.303253786886068911e-33
9.154654654654655133e+01 4.563377196846573336e-33
9.165165165165166172e+01 3.926045796017556557e-33
9.175675675675675791e+01 3.377142533854242053e-33
9.186186186186186831e+01 2.904480440566237249e-33
9.196696696696696449e+01 2.497540605987911408e-33
9.207207207207207489e+01 2.147245472617144053e-33
9.217717717717718529e+01 1.845762718586912010e-33
9.228228228228228147e+01 1.586335633519032391e-33
9.238738738738739187e+01 1.363136434785264066e-33
9.249249249249250227e+01 1.171139444455294367e-33
9.259759759759759845e+01 1.006011457539285413e-33
9.270270270270270885e+01 8.640169882178159731e-34
9.280780780780780503e+01 7.419363897013270732e-34
9.291291291291291543e+01 6.369951113677067395e-34
9.301801801801802583e+01 5.468025892740264529e-34
9.312312312312312201e+01 4.692994677043819224e-34
9.322822822822823241e+01 4.027120241738962322e-34
9.333333333333334281e+01 3.455128217946477651e-34
9.343843843843843899e+01 2.963867441977979454e-34
9.354354354354354939e+01 2.542016819702235966e-34
9.364864864864864558e+01 2.179832381234206482e-34
9.375375375375375597e+01 1.868929054840990008e-34
9.385885885885886637e+01 1.602092428310264914e-34
9.396396396396396256e+01 1.373116406208370338e-34
9.406906906906907295e+01 1.176663225672173173e-34
9.417417417417418335e+01 1.008142773084117739e-34
9.427927927927927954e+01 8.636085591129571602e-35
9.438438438438438993e+01 7.396680687930170849e-35
9.448948948948950033e+01 6.334055140400985517e-35
9.459459459459459651e+01 5.423152847544173301e-35
9.469969969969970691e+01 4.642446270663701440e-35
9.480480480480480310e+01 3.973442782183827320e-35
9.490990990990991349e+01 3.400259612735074944e-35
9.501501501501502389e+01 2.909257929656412308e-35
9.512012012012012008e+01 2.488727877304617498e-35
9.522522522522523047e+01 2.128617530336841414e-35
9.533033033033034087e+01 1.820299679257589164e-35
9.543543543543543706e+01 1.556371203632601248e-35
9.554054054054054745e+01 1.330480510346793582e-35
9.564564564564564364e+01 1.137179137577686821e-35
9.575075075075075404e+01 9.717941631632025546e-36
9.585585585585586443e+01 8.303185203492123512e-36
9.596096096096096062e+01 7.093167245249883374e-36
9.606606606606607102e+01 6.058438601713751976e-36
9.617117117117118141e+01 5.173759753490761476e-36
9.627627627627627760e+01 4.417502881311624767e-36
9.638138138138138800e+01 3.771138310390411943e-36
9.648648648648648418e+01 3.218793506199053252e-36
9.659159159159159458e+01 2.746874439936774202e-36
9.669669669669670498e+01 2.343740561181710032e-36
9.680180180180180116e+01 1.999425837960648047e-36
9.690690690690691156e+01 1.705399377785507693e-36
9.701201201201202196e+01 1.454360050381009273e-36
9.711711711711711814e+01 1.240060314001738058e-36
9.722222222222222854e+01 1.057155119789437367e-36
9.732732732732732472e+01 9.010723475450813656e-37
9.743243243243243512e+01 7.679017245313640237e-37
9.753753753753754552e+01 6.542996076447775083e-37
9.764264264264264170e+01 5.574073781333491918e-37
9.774774774774775210e+01 4.747815152945640702e-37
9.785285285285286250e+01 4.043336884303593211e-37
9.795795795795795868e+01 3.442794409368601464e-37
9.806306306306306908e+01 2.930942420899830047e-37
9.816816816816816527e+01 2.494758554399956168e-37
9.827327327327327566e+01 2.123121217013845765e-37
9.837837837837838606e+01 1.806533820243528234e-37
9.848348348348348225e+01 1.536888774928743801e-37
9.858858858858859264e+01 1.307265551374482150e-37
9.869369369369370304e+01 1.111757918529780886e-37
9.879879879879879923e+01 9.453261724482954383e-38
9.890390390390390962e+01 8.036707620085537876e-38
9.900900900900902002e+01 6.831242328972143944e-38
9.911411411411411621e+01 5.805588510912281541e-38
9.921921921921922660e+01 4.933076447742705513e-38
9.932432432432432279e+01 4.190969276123604248e-38
9.942942942942943318e+01 3.559886441784878795e-38
9.953453453453454358e+01 3.023311165818563195e-38
9.963963963963963977e+01 2.567169756275118889e-38
9.974474474474475016e+01 2.179472349266402156e-38
9.984984984984986056e+01 1.850006164358185000e-38
9.995495495495495675e+01 1.570073644811536564e-38
1.000600600600600671e+02 1.332268954759076138e-38
1.001651651651651633e+02 1.130287248902141186e-38
1.002702702702702737e+02 9.587619383153650938e-39
1.003753753753753841e+02 8.131258677788860453e-39
1.004804804804804803e+02 6.894929123156377795e-39
1.005855855855855907e+02 5.845570075357660748e-39
1.006906906906907011e+02 4.955060621936908355e-39
1.007957957957957973e+02 4.199485725271694494e-39
1.009009009009009077e+02 3.558510754588294714e-39
1.010060060060060039e+02 3.014848493045326762e-39
1.011111111111111143e+02 2.553805028557783391e-39
1.012162162162162247e+02 2.162892922498547119e-39
1.013213213213213209e+02 1.831501747621555912e-39
1.014264264264264312e+02 1.550617537100993162e-39
1.015315315315315416e+02 1.312583926089488458e-39
1.016366366366366378e+02 1.110898826173054366e-39
1.017417417417417482e+02 9.400413776781002212e-40
1.018468468468468444e+02 7.953246973310895938e-40
1.019519519519519548e+02 6.727705984354484220e-40
1.020570570570570652e+02 5.690030239084196592e-40
1.021621621621621614e+02 4.811574132316520685e-40
1.022672672672672718e+02 4.068036346194546773e-40
1.023723723723723822e+02 3.438804637585622600e-40
1.024774774774774784e+02 2.906398891039132132e-40
1.025825825825825888e+02 2.455997784324011887e-40
1.026876876876876850e+02 2.075036585788058111e-40
1.027927927927927954e+02 1.752865454902768768e-40
1.028978978978979058e+02 1.480459196270273078e-40
1.030030030030030019e+02 1.250170763117610649e-40
1.031081081081081123e+02 1.055521953121848067e-40
1.032132132132132227e+02 8.910257165179439386e-41
1.033183183183183189e+02 7.520353288064019954e-41
1.034234234234234293e+02 6.346163893105289570e-41
1.035285285285285397e+02 5.354382105280505134e-41
1.036336336336336359e+02 4.516816772062414286e-41
1.037387387387387463e+02 3.809610915969253944e-41
1.038438438438438425e+02 3.212578937217320204e-41
1.039489489489489529e+02 2.708644623436423948e-41
1.040540540540540633e+02 2.283364719240868124e-41
1.041591591591591595e+02 1.924525101583749043e-41
1.042642642642642699e+02 1.621798557068710006e-41
1.043693693693693803e+02 1.366454815714220029e-41
1.044744744744744764e+02 1.151114905503924322e-41
1.045795795795795868e+02 9.695430904287469123e-42
1.046846846846846830e+02 8.164706731631140110e-42
1.047897897897897934e+02 6.874468088788213886e-42
1.048948948948949038e+02 5.787122118630744034e-42
1.050000000000000000e+02 4.870922610424546819e-42
