# radius_AU intensity_Jy_per_sr
0.000000000000000000e+00 3.697168081752395405e-11
1.051051051051051094e-01 3.947851585891189863e-11
2.102102102102102188e-01 4.214804900025395995e-11
3.153153153153153143e-01 4.499032921399483023e-11
4.204204204204204376e-01 4.801599159497130953e-11
5.255255255255255609e-01 5.123628929677316437e-11
6.306306306306306286e-01 5.466312706755701418e-11
7.357357357357358074e-01 5.830909645698620305e-11
8.408408408408408752e-01 6.218751276870252882e-11
9.459459459459459429e-01 6.631245383553370447e-11
1.051051051051051122e+00 7.069880069752737097e-11
1.156156156156156189e+00 7.536228026585731891e-11
1.261261261261261257e+00 8.031951005869357146e-11
1.366366366366366325e+00 8.558804509823136932e-11
1.471471471471471615e+00 9.118642706128442492e-11
1.576576576576576683e+00 9.713423577910906321e-11
1.681681681681681750e+00 1.034521431854946756e-10
1.786786786786786818e+00 1.101619698155699080e-10
1.891891891891891886e+00 1.172867439613025238e-10
1.996996996996997176e+00 1.248507635932452450e-10
2.102102102102102243e+00 1.328796611617640503e-10
2.207207207207207311e+00 1.414004713947011892e-10
2.312312312312312379e+00 1.504417022122744361e-10
2.417417417417417447e+00 1.600334088838764167e-10
2.522522522522522515e+00 1.702072715554338234e-10
2.627627627627627582e+00 1.809966762799871850e-10
2.732732732732732650e+00 1.924367996882885902e-10
2.837837837837838162e+00 2.045646974403628142e-10
2.942942942942943230e+00 2.174193966032367363e-10
3.048048048048048297e+00 2.310419921043079121e-10
3.153153153153153365e+00 2.454757474142175894e-10
3.258258258258258433e+00 2.607661996174697039e-10
3.363363363363363501e+00 2.769612690335369732e-10
3.468468468468468568e+00 2.941113735556705355e-10
3.573573573573573636e+00 3.122695478792211055e-10
3.678678678678678704e+00 3.314915677958386264e-10
3.783783783783783772e+00 3.518360797345988507e-10
3.888888888888888840e+00 3.733647357356917907e-10
3.993993993993994351e+00 3.961423340470679774e-10
4.099099099099099419e+00 4.202369655390668459e-10
4.204204204204204487e+00 4.457201661368330881e-10
4.309309309309309555e+00 4.726670754749620212e-10
4.414414414414414622e+00 5.011566019835991743e-10
4.519519519519519690e+00 5.312715946198831479e-10
4.624624624624624758e+00 5.630990214632994890e-10
4.729729729729729826e+00 5.967301553981804835e-10
4.834834834834834894e+00 6.322607671112074342e-10
4.939939939939939961e+00 6.697913256363019949e-10
5.045045045045045029e+00 7.094272066838894616e-10
5.150150150150150097e+00 7.512789089958611755e-10
5.255255255255255165e+00 7.954622789719911888e-10
5.360360360360360232e+00 8.420987438178681326e-10
5.465465465465465300e+00 8.913155534684845348e-10
5.570570570570570368e+00 9.432460315457839685e-10
5.675675675675676324e+00 9.980298356123445452e-10
5.780780780780781392e+00 1.055813226987172062e-09
5.885885885885886459e+00 1.116749350393258925e-09
5.990990990990991527e+00 1.180998523709930875e-09
6.096096096096096595e+00 1.248728538106383192e-09
6.201201201201201663e+00 1.320114968835857352e-09
6.306306306306306730e+00 1.395341496972662602e-09
6.411411411411411798e+00 1.474600242377043169e-09
6.516516516516516866e+00 1.558092108175081405e-09
6.621621621621621934e+00 1.646027137043074600e-09
6.726726726726727001e+00 1.738624879587452318e-09
6.831831831831832069e+00 1.836114775112958185e-09
6.936936936936937137e+00 1.938736545072833338e-09
7.042042042042042205e+00 2.046740599495701162e-09
7.147147147147147273e+00 2.160388456684091818e-09
7.252252252252252340e+00 2.279953176479754099e-09
7.357357357357357408e+00 2.405719807390382503e-09
7.462462462462462476e+00 2.537985847871807553e-09
7.567567567567567544e+00 2.677061722058018816e-09
7.672672672672672611e+00 2.823271270230074066e-09
7.777777777777777679e+00 2.976952254312248081e-09
7.882882882882883635e+00 3.138456878681453935e-09
7.987987987987988703e+00 3.308152326572029781e-09
8.093093093093093771e+00 3.486421312354423912e-09
8.198198198198198838e+00 3.673662649961848286e-09
8.303303303303303906e+00 3.870291837733199842e-09
8.408408408408408974e+00 4.076741659935342681e-09
8.513513513513514042e+00 4.293462805220897097e-09
8.618618618618619109e+00 4.520924502270563968e-09
8.723723723723724177e+00 4.759615172860946776e-09
8.828828828828829245e+00 5.010043102590109660e-09
8.933933933933934313e+00 5.272737129483461656e-09
9.039039039039039380e+00 5.548247350692325076e-09
9.144144144144144448e+00 5.837145847486127571e-09
9.249249249249249516e+00 6.140027428727078091e-09
9.354354354354354584e+00 6.457510393003286264e-09
9.459459459459459651e+00 6.790237309582171349e-09
9.564564564564564719e+00 7.138875818331302963e-09
9.669669669669669787e+00 7.504119448737647695e-09
9.774774774774774855e+00 7.886688458139505731e-09
9.879879879879879923e+00 8.287330689267552799e-09
9.984984984984984990e+00 8.706822447172253590e-09
1.009009009009009006e+01 9.145969395594834573e-09
1.019519519519519513e+01 9.605607472818005392e-09
1.030030030030030019e+01 1.008660382701027830e-08
1.040540540540540526e+01 1.058985777105413815e-08
1.051051051051051033e+01 1.111630175682392687e-08
1.061561561561561540e+01 1.166690236885323187e-08
1.072072072072072046e+01 1.224266133730503539e-08
1.082582582582582553e+01 1.284461657012904273e-08
1.093093093093093060e+01 1.347384320426165277e-08
1.103603603603603567e+01 1.413145467569294396e-08
1.114114114114114074e+01 1.481860380819339236e-08
1.124624624624624758e+01 1.553648392045952632e-08
1.135135135135135265e+01 1.628632995140316253e-08
1.145645645645645772e+01 1.706941960327309439e-08
1.156156156156156278e+01 1.788707450226124268e-08
1.166666666666666785e+01 1.874066137620592481e-08
1.177177177177177292e+01 1.963159324896613697e-08
1.187687687687687799e+01 2.056133065099911338e-08
1.198198198198198305e+01 2.153138284563117593e-08
1.208708708708708812e+01 2.254330907046794784e-08
1.219219219219219319e+01 2.359871979334539329e-08
1.229729729729729826e+01 2.469927798217668073e-08
1.240240240240240333e+01 2.584670038800246674e-08
1.250750750750750839e+01 2.704275884050293366e-08
1.261261261261261346e+01 2.828928155518026721e-08
1.271771771771771853e+01 2.958815445136929866e-08
1.282282282282282360e+01 3.094132248018111399e-08
1.292792792792792866e+01 3.235079096143045982e-08
1.303303303303303373e+01 3.381862692854392023e-08
1.313813813813813880e+01 3.534696048038979210e-08
1.324324324324324387e+01 3.693798613891338858e-08
1.334834834834834894e+01 3.859396421140312798e-08
1.345345345345345400e+01 4.031722215615519005e-08
1.355855855855855907e+01 4.211015595024361176e-08
1.366366366366366414e+01 4.397523145804297177e-08
1.376876876876876921e+01 4.591498579908774218e-08
1.387387387387387427e+01 4.793202871379194917e-08
1.397897897897897934e+01 5.002904392548911061e-08
1.408408408408408441e+01 5.220879049718887854e-08
1.418918918918918948e+01 5.447410418138247265e-08
1.429429429429429455e+01 5.682789876116470922e-08
1.439939939939939961e+01 5.927316738087644570e-08
1.450450450450450468e+01 6.181298386440459069e-08
1.460960960960960975e+01 6.445050401921208360e-08
1.471471471471471482e+01 6.718896692410434549e-08
1.481981981981981988e+01 7.003169619867501594e-08
1.492492492492492495e+01 7.298210125230544633e-08
1.503003003003003002e+01 7.604367851052952045e-08
1.513513513513513509e+01 7.922001261650883562e-08
1.524024024024024015e+01 8.251477760530118543e-08
1.534534534534534522e+01 8.593173804853866121e-08
1.545045045045045029e+01 8.947475016706941896e-08
1.555555555555555536e+01 9.314776290905576181e-08
1.566066066066066043e+01 9.695481899095866660e-08
1.576576576576576727e+01 1.009000558987787570e-07
1.587087087087087234e+01 1.049877068468638111e-07
1.597597597597597741e+01 1.092221016915363918e-07
1.608108108108108070e+01 1.136076677967386756e-07
1.618618618618618754e+01 1.181489308488345389e-07
1.629129129129129083e+01 1.228505156176592643e-07
1.639639639639639768e+01 1.277171466608562750e-07
1.650150150150150097e+01 1.327536489684858971e-07
1.660660660660660781e+01 1.379649485448550831e-07
1.671171171171171110e+01 1.433560729244606788e-07
1.681681681681681795e+01 1.489321516189093374e-07
1.692192192192192124e+01 1.546984164916275313e-07
1.702702702702702808e+01 1.606602020571504533e-07
1.713213213213213137e+01 1.668229457017337327e-07
1.723723723723723822e+01 1.731921878220172288e-07
1.734234234234234151e+01 1.797735718784285522e-07
1.744744744744744835e+01 1.865728443600071897e-07
1.755255255255255165e+01 1.935958546572976548e-07
1.765765765765765849e+01 2.008485548399599020e-07
1.776276276276276178e+01 2.083369993357211556e-07
1.786786786786786863e+01 2.160673445073010839e-07
1.797297297297297547e+01 2.240458481239274825e-07
1.807807807807807876e+01 2.322788687240777597e-07
1.818318318318318561e+01 2.407728648660768066e-07
1.828828828828828890e+01 2.495343942632019783e-07
1.839339339339339574e+01 2.585701127999671922e-07
1.849849849849849903e+01 2.678867734262710701e-07
1.860360360360360588e+01 2.774912249261412436e-07
1.870870870870870917e+01 2.873904105578200453e-07
1.881381381381381601e+01 2.975913665620025342e-07
1.891891891891891930e+01 3.081012205350587926e-07
1.902402402402402615e+01 3.189271896641525832e-07
1.912912912912912944e+01 3.300765788212018067e-07
1.923423423423423628e+01 3.415567785127152976e-07
1.933933933933933957e+01 3.533752626825913708e-07
1.944444444444444642e+01 3.655395863650653338e-07
1.954954954954954971e+01 3.780573831850529504e-07
1.965465465465465655e+01 3.909363627032569035e-07
1.975975975975975985e+01 4.041843076034753102e-07
1.986486486486486669e+01 4.178090707196852181e-07
1.996996996996996998e+01 4.318185719005580867e-07
2.007507507507507682e+01 4.462207947092179898e-07
2.018018018018018012e+01 4.610237829561437506e-07
2.028528528528528696e+01 4.762356370632921915e-07
2.039039039039039025e+01 4.918645102576190492e-07
2.049549549549549710e+01 5.079186045923656919e-07
2.060060060060060039e+01 5.244061667945980451e-07
2.070570570570570723e+01 5.413354839376835530e-07
2.081081081081081052e+01 5.587148789375280594e-07
2.091591591591591737e+01 5.765527058716125495e-07
2.102102102102102066e+01 5.948573451200092939e-07
2.112612612612612750e+01 6.136371983278018378e-07
2.123123123123123079e+01 6.329006831884789644e-07
2.133633633633633764e+01 6.526562280481319567e-07
2.144144144144144093e+01 6.729122663304496511e-07
2.154654654654654777e+01 6.936772307827717460e-07
2.165165165165165106e+01 7.149595475436426222e-07
2.175675675675675791e+01 7.367676300325879826e-07
2.186186186186186120e+01 7.591098726630303769e-07
2.196696696696696804e+01 7.819946443795458695e-07
2.207207207207207134e+01 8.054302820208827474e-07
2.217717717717717818e+01 8.294250835104488288e-07
2.228228228228228147e+01 8.539873008762099356e-07
2.238738738738738832e+01 8.791251331022377089e-07
2.249249249249249516e+01 9.048467188143856095e-07
2.259759759759759845e+01 9.311601288028845007e-07
2.270270270270270530e+01 9.580733583849064956e-07
2.280780780780780859e+01 9.855943196104290868e-07
2.291291291291291543e+01 1.013730833315053339e-06
2.301801801801801872e+01 1.042490621023672178e-06
2.312312312312312557e+01 1.071881296709237604e-06
2.322822822822822886e+01 1.101910358411115779e-06
2.333333333333333570e+01 1.132585179717877034e-06
2.343843843843843899e+01 1.163913001119614848e-06
2.354354354354354584e+01 1.195900921235244463e-06
2.364864864864864913e+01 1.228555887920484620e-06
2.375375375375375597e+01 1.261884689262586126e-06
2.385885885885885926e+01 1.295893944468110011e-06
2.396396396396396611e+01 1.330590094650443246e-06
2.406906906906906940e+01 1.365979393523955128e-06
2.417417417417417624e+01 1.402067898012082190e-06
2.427927927927927954e+01 1.438861458776863100e-06
2.438438438438438638e+01 1.476365710677793945e-06
2.448948948948948967e+01 1.514586063168120606e-06
2.459459459459459651e+01 1.553527690637034739e-06
2.469969969969969981e+01 1.593195522706452061e-06
2.480480480480480665e+01 1.633594234491418193e-06
2.490990990990990994e+01 1.674728236833379380e-06
2.501501501501501679e+01 1.716601666515905653e-06
2.512012012012012008e+01 1.759218376472641193e-06
2.522522522522522692e+01 1.802581925997597163e-06
2.533033033033033021e+01 1.846695570968060889e-06
2.543543543543543706e+01 1.891562254090730254e-06
2.554054054054054035e+01 1.937184595181825765e-06
2.564564564564564719e+01 1.983564881492240418e-06
2.575075075075075048e+01 2.030705058088921754e-06
2.585585585585585733e+01 2.078606718303958099e-06
2.596096096096096062e+01 2.127271094262962134e-06
2.606606606606606746e+01 2.176699047504599431e-06
2.617117117117117076e+01 2.226891059703186935e-06
2.627627627627627760e+01 2.277847223506559918e-06
2.638138138138138089e+01 2.329567233501405960e-06
2.648648648648648773e+01 2.382050377318546979e-06
2.659159159159159103e+01 2.435295526890606730e-06
2.669669669669669787e+01 2.489301129874755279e-06
2.680180180180180116e+01 2.544065201253158453e-06
2.690690690690690801e+01 2.599585315123968194e-06
2.701201201201201485e+01 2.655858596695606329e-06
2.711711711711711814e+01 2.712881714497236981e-06
2.722222222222222499e+01 2.770650872818309727e-06
2.732732732732732828e+01 2.829161804389975970e-06
2.743243243243243512e+01 2.888409763321330950e-06
2.753753753753753841e+01 2.948389518303191524e-06
2.764264264264264526e+01 3.009095346092275740e-06
2.774774774774774855e+01 3.070521025288379575e-06
2.785285285285285539e+01 3.132659830417219062e-06
2.795795795795795868e+01 3.195504526331357013e-06
2.806306306306306553e+01 3.259047362941632250e-06
2.816816816816816882e+01 3.323280070291214513e-06
2.827327327327327566e+01 3.388193853984379824e-06
2.837837837837837895e+01 3.453779390981780919e-06
2.848348348348348580e+01 3.520026825773886119e-06
2.858858858858858909e+01 3.586925766943909792e-06
2.869369369369369593e+01 3.654465284131446145e-06
2.879879879879879923e+01 3.722633905407580614e-06
2.890390390390390607e+01 3.791419615072120122e-06
2.900900900900900936e+01 3.860809851883119729e-06
2.911411411411411621e+01 3.930791507728693467e-06
2.921921921921921950e+01 4.001350926750593585e-06
2.932432432432432634e+01 4.072473904928813731e-06
2.942942942942942963e+01 4.144145690135933744e-06
2.953453453453453648e+01 4.216350982669656037e-06
2.963963963963963977e+01 4.289073936271405922e-06
2.974474474474474661e+01 4.362298159638540371e-06
2.984984984984984990e+01 4.436006718437141404e-06
2.995495495495495675e+01 4.510182137821972134e-06
3.006006006006006004e+01 4.584806405469563693e-06
3.016516516516516688e+01 4.659860975130006483e-06
3.027027027027027017e+01 4.735326770702323001e-06
3.037537537537537702e+01 4.811184190837932662e-06
3.048048048048048031e+01 4.887413114075936425e-06
3.058558558558558715e+01 4.963992904513579709e-06
3.069069069069069045e+01 5.040902418014448236e-06
3.079579579579579729e+01 5.118120008956534736e-06
3.090090090090090058e+01 5.195623537521494474e-06
3.100600600600600742e+01 5.273390377525959515e-06
3.111111111111111072e+01 5.351397424794960003e-06
3.121621621621621756e+01 5.429621106077012003e-06
3.132132132132132085e+01 5.508037388499572543e-06
3.142642642642642770e+01 5.586621789563114450e-06
3.153153153153153454e+01 5.665349387671154494e-06
3.163663663663663783e+01 5.744194833193065268e-06
3.174174174174174468e+01 5.823132360055727842e-06
3.184684684684684797e+01 5.902135797859333496e-06
3.195195195195195481e+01 5.981178584512089689e-06
3.205705705705705810e+01 6.060233779377685050e-06
3.216216216216216139e+01 6.139274076928855706e-06
3.226726726726727179e+01 6.218271820899538071e-06
3.237237237237237508e+01 6.297199018927446939e-06
3.247747747747747837e+01 6.376027357678281591e-06
3.258258258258258167e+01 6.454728218441894425e-06
3.268768768768769206e+01 6.533272693190254325e-06
3.279279279279279535e+01 6.611631601086155224e-06
3.289789789789789864e+01 6.689775505431173936e-06
3.300300300300300194e+01 6.767674731040403836e-06
3.310810810810811233e+01 6.845299382031107292e-06
3.321321321321321562e+01 6.922619360011570827e-06
3.331831831831831892e+01 6.999604382655962522e-06
3.342342342342342221e+01 7.076224002650178827e-06
3.352852852852853260e+01 7.152447626993219065e-06
3.363363363363363590e+01 7.228244536637886406e-06
3.373873873873873919e+01 7.303583906454149954e-06
3.384384384384384248e+01 7.378434825497785978e-06
3.394894894894895288e+01 7.452766317566483491e-06
3.405405405405405617e+01 7.526547362024980193e-06
3.415915915915915946e+01 7.599746914880371301e-06
3.426426426426426275e+01 7.672333930088096776e-06
3.436936936936937315e+01 7.744277381068786402e-06
3.447447447447447644e+01 7.815546282415566150e-06
3.457957957957957973e+01 7.886109711771157373e-06
3.468468468468468302e+01 7.955936831853471048e-06
3.478978978978979342e+01 8.024996912608253568e-06
3.489489489489489671e+01 8.093259353466840852e-06
3.500000000000000000e+01 8.160693705686843764e-06
3.510510510510510329e+01 8.227269694753182921e-06
3.521021021021021369e+01 8.292957242816770743e-06
3.531531531531531698e+01 8.357726491147738745e-06
3.542042042042042027e+01 8.421547822580096240e-06
3.552552552552552356e+01 8.484391883924293279e-06
3.563063063063063396e+01 8.546229608324231776e-06
3.573573573573573725e+01 8.607032237535011289e-06
3.584084084084084054e+01 8.666771344097704398e-06
3.594594594594595094e+01 8.725418853387327861e-06
3.605105105105105423e+01 8.782947065510204534e-06
3.615615615615615752e+01 8.839328677026958477e-06
3.626126126126126081e+01 8.894536802477331458e-06
3.636636636636637121e+01 8.948544995683198794e-06
3.647147147147147450e+01 9.001327270806194669e-06
3.657657657657657779e+01 9.052858123136611163e-06
3.668168168168168108e+01 9.103112549590235242e-06
3.678678678678679148e+01 9.152066068890240261e-06
3.689189189189189477e+01 9.199694741411250238e-06
3.699699699699699806e+01 9.245975188663225382e-06
3.710210210210210136e+01 9.290884612392866519e-06
3.720720720720721175e+01 9.334400813280845874e-06
3.731231231231231504e+01 9.376502209213297083e-06
3.741741741741741833e+01 9.417167853106676580e-06
3.752252252252252163e+01 9.456377450265247459e-06
3.762762762762763202e+01 9.494111375251190741e-06
3.773273273273273531e+01 9.530350688247642051e-06
3.783783783783783861e+01 9.565077150895631068e-06
3.794294294294294190e+01 9.598273241586321173e-06
3.804804804804805229e+01 9.629922170190673540e-06
3.815315315315315559e+01 9.660007892209140996e-06
3.825825825825825888e+01 9.688515122324781314e-06
3.836336336336336217e+01 9.715429347343681102e-06
3.846846846846847257e+01 9.740736838507414857e-06
3.857357357357357586e+01 9.764424663162883856e-06
3.867867867867867915e+01 9.786480695775696026e-06
3.878378378378378244e+01 9.806893628273888357e-06
3.888888888888889284e+01 9.825652979709704774e-06
3.899399399399399613e+01 9.842749105227825126e-06
3.909909909909909942e+01 9.858173204329350662e-06
3.920420420420420271e+01 9.871917328421589950e-06
3.930930930930931311e+01 9.883974387644587086e-06
3.941441441441441640e+01 9.894338156966220010e-06
3.951951951951951969e+01 9.903003281538479418e-06
3.962462462462462298e+01 9.909965281308529778e-06
3.972972972972973338e+01 9.915220554878941711e-06
3.983483483483483667e+01 9.918766382612481089e-06
3.993993993993993996e+01 9.920600928977699127e-06
4.004504504504504325e+01 9.920723244132460475e-06
4.015015015015015365e+01 9.919133264743545847e-06
4.025525525525525694e+01 9.915831814041302592e-06
4.036036036036036023e+01 9.910820601109288981e-06
4.046546546546547063e+01 9.904102219409767721e-06
4.057057057057057392e+01 9.895680144546846105e-06
4.067567567567567721e+01 9.885558731269927552e-06
4.078078078078078050e+01 9.873743209721135420e-06
4.088588588588589090e+01 9.860239680931194987e-06
4.099099099099099419e+01 9.845055111569240327e-06
4.109609609609609748e+01 9.828197327952834482e-06
4.120120120120120077e+01 9.809675009325450121e-06
4.130630630630631117e+01 9.789497680409460902e-06
4.141141141141141446e+01 9.767675703243608524e-06
4.151651651651651775e+01 9.744220268314740567e-06
4.162162162162162105e+01 9.719143384994418880e-06
4.172672672672673144e+01 9.692457871291869042e-06
4.183183183183183473e+01 9.664177342935503757e-06
4.193693693693693803e+01 9.634316201796017031e-06
4.204204204204204132e+01 9.602889623664852405e-06
4.214714714714715171e+01 9.569913545402549825e-06
4.225225225225225500e+01 9.535404651472231287e-06
4.235735735735735830e+01 9.499380359874086820e-06
4.246246246246246159e+01 9.461858807497545629e-06
4.256756756756757198e+01 9.422858834908298401e-06
4.267267267267267528e+01 9.382399970588068555e-06
4.277777777777777857e+01 9.340502414645565575e-06
4.288288288288288186e+01 9.297187022017632939e-06
4.298798798798799226e+01 9.252475285180141839e-06
4.309309309309309555e+01 9.206389316388696915e-06
4.319819819819819884e+01 9.158951829469623400e-06
4.330330330330330213e+01 9.110186121182286132e-06
4.340840840840841253e+01 9.060116052174067044e-06
4.351351351351351582e+01 9.008766027549812205e-06
4.361861861861861911e+01 8.956160977077805177e-06
4.372372372372372240e+01 8.902326335054785888e-06
4.382882882882883280e+01 8.847288019852673162e-06
4.393393393393393609e+01 8.791072413170004782e-06
4.403903903903903938e+01 8.733706339011244508e-06
4.414414414414414267e+01 8.675217042417396825e-06
4.424924924924925307e+01 8.615632167971414278e-06
4.435435435435435636e+01 8.554979738102090573e-06
4.445945945945945965e+01 8.493288131210125896e-06
4.456456456456456294e+01 8.430586059640216882e-06
4.466966966966967334e+01 8.366902547522942385e-06
4.477477477477477663e+01 8.302266908510287305e-06
4.487987987987987992e+01 8.236708723428480764e-06
4.498498498498499032e+01 8.170257817871921444e-06
4.509009009009009361e+01 8.102944239761703722e-06
4.519519519519519690e+01 8.034798236892148128e-06
4.530030030030030019e+01 7.965850234488648158e-06
4.540540540540541059e+01 7.896130812799840559e-06
4.551051051051051388e+01 7.825670684746945259e-06
4.561561561561561717e+01 7.754500673652755188e-06
4.572072072072072046e+01 7.682651691072663074e-06
4.582582582582583086e+01 7.610154714749554115e-06
4.593093093093093415e+01 7.537040766714229904e-06
4.603603603603603744e+01 7.463340891552527607e-06
4.614114114114114074e+01 7.389086134860033214e-06
4.624624624624625113e+01 7.314307521904721047e-06
4.635135135135135442e+01 7.239036036517529001e-06
4.645645645645645772e+01 7.163302600230275855e-06
4.656156156156156101e+01 7.087138051680001805e-06
4.666666666666667140e+01 7.010573126298140754e-06
4.677177177177177470e+01 6.933638436302507731e-06
4.687687687687687799e+01 6.856364451009422414e-06
4.698198198198198128e+01 6.778781477482887389e-06
4.708708708708709167e+01 6.700919641536960516e-06
4.719219219219219497e+01 6.622808869107010142e-06
4.729729729729729826e+01 6.544478868004783809e-06
4.740240240240240155e+01 6.465959110071767956e-06
4.750750750750751195e+01 6.387278813744472437e-06
4.761261261261261524e+01 6.308466927044798539e-06
4.771771771771771853e+01 6.229552111007786842e-06
4.782282282282282182e+01 6.150562723558616975e-06
4.792792792792793222e+01 6.071526803849792735e-06
4.803303303303303551e+01 5.992472057068954810e-06
4.813813813813813880e+01 5.913425839726895114e-06
4.824324324324324209e+01 5.834415145434844460e-06
4.834834834834835249e+01 5.755466591179211666e-06
4.845345345345345578e+01 5.676606404101388930e-06
4.855855855855855907e+01 5.597860408789398884e-06
4.866366366366366236e+01 5.519254015087622580e-06
4.876876876876877276e+01 5.440812206429965870e-06
4.887387387387387605e+01 5.362559528701269435e-06
4.897897897897897934e+01 5.284520079630902819e-06
4.908408408408408263e+01 5.206717498721999240e-06
4.918918918918919303e+01 5.129174957718890049e-06
4.929429429429429632e+01 5.051915151614774266e-06
4.939939939939939961e+01 4.974960290200817497e-06
4.950450450450451001e+01 4.898332090157421404e-06
4.960960960960961330e+01 4.822051767687562068e-06
4.971471471471471659e+01 4.746140031691467955e-06
4.981981981981981988e+01 4.670617077481413526e-06
4.992492492492493028e+01 4.595502581034597301e-06
5.003003003003003357e+01 4.520815693781579375e-06
5.013513513513513686e+01 4.446575037927066437e-06
5.024024024024024015e+01 4.372798702299345292e-06
5.034534534534535055e+01 4.299504238723995059e-06
5.045045045045045384e+01 4.226708658917032150e-06
5.055555555555555713e+01 4.154428431891986565e-06
5.066066066066066043e+01 4.082679481875054806e-06
5.076576576576577082e+01 4.011477186721798790e-06
5.087087087087087411e+01 3.940836376828481502e-06
5.097597597597597741e+01 3.870771334530560950e-06
5.108108108108108070e+01 3.801295793980534039e-06
5.118618618618619109e+01 3.732422941496763371e-06
5.129129129129129439e+01 3.664165416374592183e-06
5.139639639639639768e+01 3.596535312150563896e-06
5.150150150150150097e+01 3.529544178310309039e-06
5.160660660660661136e+01 3.463203022430189286e-06
5.171171171171171466e+01 3.397522312742520220e-06
5.181681681681681795e+01 3.332511981113806090e-06
5.192192192192192124e+01 3.268181426425243221e-06
5.202702702702703164e+01 3.204539518344334959e-06
5.213213213213213493e+01 3.141594601476308990e-06
5.223723723723723822e+01 3.079354499883691174e-06
5.234234234234234151e+01 3.017826521962311694e-06
5.244744744744745191e+01 2.957017465661680493e-06
5.255255255255255520e+01 2.896933624037598262e-06
5.265765765765765849e+01 2.837580791124626538e-06
5.276276276276276178e+01 2.778964268116010871e-06
5.286786786786787218e+01 2.721088869838432435e-06
5.297297297297297547e+01 2.663958931508949090e-06
5.307807807807807876e+01 2.607578315761311978e-06
5.318318318318318205e+01 2.551950419928929296e-06
5.328828828828829245e+01 2.497078183571562100e-06
5.339339339339339574e+01 2.442964096232929761e-06
5.349849849849849903e+01 2.389610205416302318e-06
5.360360360360360232e+01 2.337018124765272585e-06
5.370870870870871272e+01 2.285189042436858522e-06
5.381381381381381601e+01 2.234123729654175322e-06
5.391891891891891930e+01 2.183822549425922588e-06
5.402402402402402970e+01 2.134285465420130191e-06
5.412912912912913299e+01 2.085512050979589438e-06
5.423423423423423628e+01 2.037501498266521148e-06
5.433933933933933957e+01 1.990252627524263020e-06
5.444444444444444997e+01 1.943763896443751489e-06
5.454954954954955326e+01 1.898033409622854284e-06
5.465465465465465655e+01 1.853058928106656457e-06
5.475975975975975985e+01 1.808837878997119901e-06
5.486486486486487024e+01 1.765367365120591613e-06
5.496996996996997353e+01 1.722644174741942389e-06
5.507507507507507682e+01 1.680664791314236443e-06
5.518018018018018012e+01 1.639425403253156824e-06
5.528528528528529051e+01 1.598921913725554054e-06
5.539039039039039380e+01 1.559149950441783757e-06
5.549549549549549710e+01 1.520104875441694716e-06
5.560060060060060039e+01 1.481781794864456594e-06
5.570570570570571078e+01 1.444175568692609704e-06
5.581081081081081408e+01 1.407280820461040823e-06
5.591591591591591737e+01 1.371091946921808906e-06
5.602102102102102066e+01 1.335603127656109586e-06
5.612612612612613106e+01 1.300808334624857957e-06
5.623123123123123435e+01 1.266701341649749631e-06
5.633633633633633764e+01 1.233275733816852180e-06
5.644144144144144093e+01 1.200524916795199558e-06
5.654654654654655133e+01 1.168442126063051897e-06
5.665165165165165462e+01 1.137020436034852328e-06
5.675675675675675791e+01 1.106252769082165990e-06
5.686186186186186120e+01 1.076131904442258838e-06
5.696696696696697160e+01 1.046650487008202811e-06
5.707207207207207489e+01 1.017801035994756834e-06
5.717717717717717818e+01 9.895759534745321379e-07
5.728228228228228147e+01 9.619675327793073937e-07
5.738738738738739187e+01 9.349679667616037392e-07
5.749249249249249516e+01 9.085693559119871181e-07
5.759759759759759845e+01 8.827637163277958526e-07
5.770270270270270174e+01 8.575429875293739105e-07
5.780780780780781214e+01 8.328990401201007076e-07
5.791291291291291543e+01 8.088236832868617153e-07
5.801801801801801872e+01 7.853086721378305073e-07
5.812312312312312201e+01 7.623457148747859925e-07
5.822822822822823241e+01 7.399264797974022378e-07
5.833333333333333570e+01 7.180426021372641294e-07
5.843843843843843899e+01 6.966856907195951556e-07
5.854354354354354939e+01 6.758473344509920229e-07
5.864864864864865268e+01 6.555191086316829497e-07
5.875375375375375597e+01 6.356925810910758301e-07
5.885885885885885926e+01 6.163593181456499185e-07
5.896396396396396966e+01 5.975108903784386580e-07
5.906906906906907295e+01 5.791388782396184106e-07
5.917417417417417624e+01 5.612348774679138245e-07
5.927927927927927954e+01 5.437905043327968654e-07
5.938438438438438993e+01 5.267974006976255177e-07
5.948948948948949322e+01 5.102472389041073435e-07
5.959459459459459651e+01 4.941317264786478952e-07
5.969969969969969981e+01 4.784426106613742634e-07
5.980480480480481020e+01 4.631716827587681944e-07
5.990990990990991349e+01 4.483107823210596331e-07
6.001501501501501679e+01 4.338518011456708259e-07
6.012012012012012008e+01 4.197866871082028226e-07
6.022522522522523047e+01 4.061074478225795081e-07
6.033033033033033377e+01 3.928061541321403226e-07
6.043543543543543706e+01 3.798749434335919936e-07
6.054054054054054035e+01 3.673060228358998579e-07
6.064564564564565075e+01 3.550916721562874410e-07
6.075075075075075404e+01 3.432242467556728429e-07
6.085585585585585733e+01 3.316961802159477665e-07
6.096096096096096062e+01 3.204999868616522529e-07
6.106606606606607102e+01 3.096282641286628783e-07
6.117117117117117431e+01 2.990736947826312822e-07
6.127627627627627760e+01 2.888290489899739531e-07
6.138138138138138089e+01 2.788871862443216649e-07
6.148648648648649129e+01 2.692410571513824863e-07
6.159159159159159458e+01 2.598837050752597392e-07
6.169669669669669787e+01 2.508082676493086905e-07
6.180180180180180116e+01 2.420079781546911441e-07
6.190690690690691156e+01 2.334761667698149743e-07
6.201201201201201485e+01 2.252062616939008573e-07
6.211711711711711814e+01 2.171917901479420693e-07
6.222222222222222143e+01 2.094263792563724254e-07
6.232732732732733183e+01 2.019037568127611679e-07
6.243243243243243512e+01 1.946177519328892121e-07
6.253753753753753841e+01 1.875622955985623772e-07
6.264264264264264170e+01 1.807314210955406816e-07
6.274774774774775210e+01 1.741192643489537552e-07
6.285285285285285539e+01 1.677200641595803087e-07
6.295795795795795868e+01 1.615281623443572421e-07
6.306306306306306908e+01 1.555380037844862184e-07
6.316816816816817237e+01 1.497441363844796213e-07
6.327327327327327566e+01 1.441412109454735952e-07
6.337837837837837895e+01 1.387239809561210224e-07
6.348348348348348935e+01 1.334873023043442780e-07
6.358858858858859264e+01 1.284261329132012193e-07
6.369369369369369593e+01 1.235355323040845352e-07
6.379879879879879923e+01 1.188106610904461305e-07
6.390390390390390962e+01 1.142467804051896981e-07
6.400900900900900581e+01 1.098392512648416384e-07
6.411411411411411621e+01 1.055835338735598232e-07
6.421921921921922660e+01 1.014751868700064529e-07
6.432432432432432279e+01 9.750986652004352239e-08
6.442942942942943318e+01 9.368332585817362111e-08
6.453453453453454358e+01 8.999141378059736486e-08
6.463963963963963977e+01 8.643007409268851664e-08
6.474474474474475016e+01 8.299534451364821740e-08
6.484984984984984635e+01 7.968335564103853496e-08
6.495495495495495675e+01 7.649032987782416423e-08
6.506006006006006714e+01 7.341258032451333918e-08
6.516516516516516333e+01 7.044650963890367861e-08
6.527027027027027373e+01 6.758860886589293459e-08
6.537537537537538412e+01 6.483545623974904703e-08
6.548048048048048031e+01 6.218371596116024219e-08
6.558558558558559071e+01 5.963013695133225882e-08
6.569069069069068689e+01 5.717155158533508699e-08
6.579579579579579729e+01 5.480487440682296924e-08
6.590090090090090769e+01 5.252710082620642861e-08
6.600600600600600387e+01 5.033530580427041118e-08
6.611111111111111427e+01 4.822664252317908888e-08
6.621621621621622467e+01 4.619834104674060218e-08
6.632132132132132085e+01 4.424770697173363321e-08
6.642642642642643125e+01 4.237212007203979057e-08
6.653153153153152743e+01 4.056903293726038021e-08
6.663663663663663783e+01 3.883596960742478778e-08
6.674174174174174823e+01 3.717052420534623339e-08
6.684684684684684441e+01 3.557035956810541347e-08
6.695195195195195481e+01 3.403320587908791677e-08
6.705705705705706521e+01 3.255685930193953483e-08
6.716216216216216139e+01 3.113918061773690939e-08
6.726726726726727179e+01 2.977809386661697788e-08
6.737237237237238219e+01 2.847158499504950784e-08
6.747747747747747837e+01 2.721770050987310016e-08
6.758258258258258877e+01 2.601454614016432465e-08
6.768768768768768496e+01 2.486028550795277476e-08
6.779279279279279535e+01 2.375313880873407328e-08
6.789789789789790575e+01 2.269138150268873934e-08
6.800300300300300194e+01 2.167334301745279134e-08
6.810810810810811233e+01 2.069740546324034028e-08
6.821321321321322273e+01 1.976200236106784712e-08
6.831831831831831892e+01 1.886561738477691422e-08
6.842342342342342931e+01 1.800678311750873256e-08
6.852852852852852550e+01 1.718407982323634962e-08
6.863363363363363590e+01 1.639613423391216823e-08
6.873873873873874629e+01 1.564161835274996060e-08
6.884384384384384248e+01 1.491924827411262258e-08
6.894894894894895288e+01 1.422778302043882600e-08
6.905405405405406327e+01 1.356602339660180277e-08
6.915915915915915946e+01 1.293281086205246737e-08
6.926426426426426985e+01 1.232702642106388823e-08
6.936936936936936604e+01 1.174758953135838250e-08
6.947447447447447644e+01 1.119345703136069819e-08
6.957957957957958683e+01 1.066362208629184448e-08
6.968468468468468302e+01 1.015711315328153640e-08
6.978978978978979342e+01 9.672992965649216825e-09
6.989489489489490381e+01 9.210357536473439772e-09
7.000000000000000000e+01 8.768335181539617183e-09
7.010510510510511040e+01 8.346085561730411119e-09
7.021021021021020658e+01 7.942798744897329521e-09
7.031531531531531698e+01 7.557694287225034936e-09
7.042042042042042738e+01 7.190020334079619600e-09
7.052552552552552356e+01 6.839052740306398947e-09
7.063063063063063396e+01 6.504094209923575918e-09
7.073573573573574436e+01 6.184473455137577126e-09
7.084084084084084054e+01 5.879544374585540631e-09
7.094594594594595094e+01 5.588685250693707780e-09
7.105105105105104712e+01 5.311297966023313391e-09
7.115615615615615752e+01 5.046807238458086924e-09
7.126126126126126792e+01 4.794659875074818927e-09
7.136636636636636410e+01 4.554324044521933211e-09
7.147147147147147450e+01 4.325288567719542978e-09
7.157657657657658490e+01 4.107062226681808285e-09
7.168168168168168108e+01 3.899173091250318859e-09
7.178678678678679148e+01 3.701167863517685572e-09
7.189189189189190188e+01 3.512611239710584056e-09
7.199699699699699806e+01 3.333085289292015311e-09
7.210210210210210846e+01 3.162188851035129539e-09
7.220720720720720465e+01 2.999536945813578974e-09
7.231231231231231504e+01 2.844760205845942713e-09
7.241741741741742544e+01 2.697504320126911894e-09
7.252252252252252163e+01 2.557429495771685326e-09
7.262762762762763202e+01 2.424209934995822807e-09
7.273273273273274242e+01 2.297533327449003293e-09
7.283783783783783861e+01 2.177100357616923064e-09
7.294294294294294900e+01 2.062624227003394386e-09
7.304804804804804519e+01 1.953830190802233551e-09
7.315315315315315559e+01 1.850455108766120706e-09
7.325825825825826598e+01 1.752247009979244116e-09
7.336336336336336217e+01 1.658964671238642115e-09
7.346846846846847257e+01 1.570377208749454173e-09
7.357357357357358296e+01 1.486263682839015434e-09
7.367867867867867915e+01 1.406412715394952379e-09
7.378378378378378954e+01 1.330622119733402000e-09
7.388888888888888573e+01 1.258698542604662829e-09
7.399399399399399613e+01 1.190457118044615791e-09
7.409909909909910652e+01 1.125721132782560085e-09
7.420420420420420271e+01 1.064321702917667052e-09
7.430930930930931311e+01 1.006097461578882986e-09
7.441441441441442350e+01 9.508942572856675811e-10
7.451951951951951969e+01 8.985648627295797874e-10
7.462462462462463009e+01 8.489686936999615834e-10
7.472972972972972627e+01 8.019715378802458768e-10
7.483483483483483667e+01 7.574452932445741938e-10
7.493993993993994707e+01 7.152677157884177996e-10
7.504504504504504325e+01 6.753221763303006792e-10
7.515015015015015365e+01 6.374974261258601535e-10
7.525525525525526405e+01 6.016873710395024558e-10
7.536036036036036023e+01 5.677908540229264481e-10
7.546546546546547063e+01 5.357114456542114899e-10
7.557057057057056682e+01 5.053572424955123075e-10
7.567567567567567721e+01 4.766406730316516935e-10
7.578078078078078761e+01 4.494783109567167365e-10
7.588588588588588379e+01 4.237906955800065198e-10
7.599099099099099419e+01 3.995021591275235165e-10
7.609609609609610459e+01 3.765406607197604752e-10
7.620120120120120077e+01 3.548376268111774067e-10
7.630630630630631117e+01 3.343277978815233402e-10
7.641141141141142157e+01 3.149490811738805652e-10
7.651651651651651775e+01 2.966424092789204532e-10
7.662162162162162815e+01 2.793516043696884630e-10
7.672672672672672434e+01 2.630232478958990624e-10
7.683183183183183473e+01 2.476065555513418765e-10
7.693693693693694513e+01 2.330532573327876322e-10
7.704204204204204132e+01 2.193174825132924330e-10
7.714714714714715171e+01 2.063556493574776703e-10
7.725225225225226211e+01 1.941263594109167594e-10
7.735735735735735830e+01 1.825902962002304694e-10
7.746246246246246869e+01 1.717101281850166932e-10
7.756756756756756488e+01 1.614504158071553803e-10
7.767267267267267528e+01 1.517775224873416998e-10
7.777777777777778567e+01 1.426595294230884153e-10
7.788288288288288186e+01 1.340661540466089118e-10
7.798798798798799226e+01 1.259686720052159568e-10
7.809309309309310265e+01 1.183398425309870369e-10
7.819819819819819884e+01 1.111538370704615811e-10
7.830330330330330924e+01 1.043861710491357892e-10
7.840840840840840542e+01 9.801363864943292690e-11
7.851351351351351582e+01 9.201425048461245860e-11
7.861861861861862621e+01 8.636717405489098663e-11
7.872372372372372240e+01 8.105267687567514956e-11
7.882882882882883280e+01 7.605207217143737504e-11
7.893393393393394319e+01 7.134766703228453149e-11
7.903903903903903938e+01 6.692271293369326249e-11
7.914414414414414978e+01 6.276135852327342831e-11
7.924924924924924596e+01 5.884860458170161265e-11
7.935435435435435636e+01 5.517026106815677179e-11
7.945945945945946676e+01 5.171290616374919644e-11
7.956456456456456294e+01 4.846384722945005736e-11
7.966966966966967334e+01 4.541108359802142927e-11
7.977477477477478374e+01 4.254327112233695964e-11
7.987987987987987992e+01 3.984968840528577246e-11
7.998498498498499032e+01 3.732020463920336754e-11
8.009009009009008651e+01 3.494524898543491672e-11
8.019519519519519690e+01 3.271578142721032493e-11
8.030030030030030730e+01 3.062326503154222981e-11
8.040540540540540349e+01 2.865963955827810186e-11
8.051051051051051388e+01 2.681729635681631636e-11
8.061561561561562428e+01 2.508905449328794085e-11
8.072072072072072046e+01 2.346813805322598529e-11
8.082582582582583086e+01 2.194815456690396425e-11
8.093093093093094126e+01 2.052307450661376286e-11
8.103603603603603744e+01 1.918721180716716783e-11
8.114114114114114784e+01 1.793520536286599109e-11
8.124624624624624403e+01 1.676200145607747922e-11
8.135135135135135442e+01 1.566283707437186402e-11
8.145645645645646482e+01 1.463322407495687640e-11
8.156156156156156101e+01 1.366893415683950732e-11
8.166666666666667140e+01 1.276598460279993885e-11
8.177177177177178180e+01 1.192062475485146727e-11
8.187687687687687799e+01 1.112932318839078012e-11
8.198198198198198838e+01 1.038875555172693472e-11
8.208708708708708457e+01 9.695793039102049689e-12
8.219219219219219497e+01 9.047491466688564225e-12
8.229729729729730536e+01 8.441080922376685488e-12
8.240240240240240155e+01 7.873955961435179239e-12
8.250750750750751195e+01 7.343666321358920427e-12
8.261261261261262234e+01 6.847908130396687246e-12
8.271771771771771853e+01 6.384515585385985877e-12
8.282282282282282893e+01 5.951453075615662097e-12
8.292792792792792511e+01 5.546807730485714167e-12
8.303303303303303551e+01 5.168782369739863844e-12
8.313813813813814591e+01 4.815688836017570150e-12
8.324324324324324209e+01 4.485941690398626591e-12
8.334834834834835249e+01 4.178052252507250312e-12
8.345345345345346288e+01 3.890622967598336116e-12
8.355855855855855907e+01 3.622342083867929584e-12
8.366366366366366947e+01 3.371978624018283985e-12
8.376876876876876565e+01 3.138377635861798737e-12
8.387387387387387605e+01 2.920455707469528779e-12
8.397897897897898645e+01 2.717196733063970839e-12
8.408408408408408263e+01 2.527647916516558071e-12
8.418918918918919303e+01 2.350915999945664934e-12
8.429429429429430343e+01 2.186163705517678955e-12
8.439939939939939961e+01 2.032606379133471288e-12
8.450450450450451001e+01 1.889508825238362738e-12
8.460960960960960620e+01 1.756182322524156161e-12
8.471471471471471659e+01 1.631981810798176173e-12
8.481981981981982699e+01 1.516303239779703470e-12
8.492492492492492318e+01 1.408581071045657686e-12
8.503003003003003357e+01 1.308285924789729863e-12
8.513513513513514397e+01 1.214922363480507493e-12
8.524024024024024015e+01 1.128026804905917499e-12
8.534534534534535055e+01 1.047165557475346635e-12
8.545045045045046095e+01 9.719329710164122509e-13
8.555555555555555713e+01 9.019496966517721402e-13
8.566066066066066753e+01 8.368610496739538478e-13
8.576576576576576372e+01 7.763354696526057231e-13
8.587087087087087411e+01 7.200630723098381241e-13
8.597597597597598451e+01 6.677542879867675261e-13
8.608108108108108070e+01 6.191385817970884059e-13
8.618618618618619109e+01 5.739632508238815513e-13
8.629129129129130149e+01 5.319922939629788627e-13
8.639639639639639768e+01 4.930053502513687762e-13
8.650150150150150807e+01 4.567967017427912409e-13
8.660660660660660426e+01 4.231743372052593848e-13
8.671171171171171466e+01 3.919590731169568076e-13
8.681681681681682505e+01 3.629837286290823361e-13
8.692192192192192124e+01 3.360923513460978378e-13
8.702702702702703164e+01 3.111394909469583781e-13
8.713213213213214203e+01 2.879895178350168640e-13
8.723723723723723822e+01 2.665159841599518861e-13
8.734234234234234862e+01 2.466010247029168161e-13
8.744744744744744480e+01 2.281347952561818440e-13
8.755255255255255520e+01 2.110149462613125424e-13
8.765765765765766560e+01 1.951461295959337657e-13
8.776276276276276178e+01 1.804395365183044291e-13
8.786786786786787218e+01 1.668124648920247606e-13
8.797297297297298257e+01 1.541879139201840197e-13
8.807807807807807876e+01 1.424942047195541681e-13
8.818318318318318916e+01 1.316646251613830036e-13
8.828828828828828534e+01 1.216370974960885074e-13
8.839339339339339574e+01 1.123538673649595181e-13
8.849849849849850614e+01 1.037612128832462324e-13
8.860360360360360232e+01 9.580917255572062041e-14
8.870870870870871272e+01 8.845129085840121468e-14
8.881381381381382312e+01 8.164438038872572610e-14
8.891891891891891930e+01 7.534829955120146095e-14
8.902402402402402970e+01 6.952574480681410861e-14
8.912912912912912589e+01 6.414205657224221313e-14
8.923423423423423628e+01 5.916503790946428835e-14
8.933933933933934668e+01 5.456478519787553426e-14
8.944444444444444287e+01 5.031353002956464278e-14
8.954954954954955326e+01 4.638549161426412216e-14
8.965465465465466366e+01 4.275673902369584730e-14
8.975975975975975985e+01 3.940506264576890678e-14
8.986486486486487024e+01 3.630985425751088170e-14
8.996996996996998064e+01 3.345199516180087413e-14
9.007507507507507682e+01 3.081375186706488669e-14
9.018018018018018722e+01 2.837867882121778282e-14
9.028528528528528341e+01 2.613152774137602985e-14
9.039039039039039380e+01 2.405816310932703052e-14
9.049549549549550420e+01 2.214548342954722506e-14
9.060060060060060039e+01 2.038134787175924436e-14
9.070570570570571078e+01 1.875450794374279307e-14
9.081081081081082118e+01 1.725454386241801470e-14
9.091591591591591737e+01 1.587180531218257726e-14
9.102102102102102776e+01 1.459735629920496871e-14
9.112612612612612395e+01 1.342292382889928512e-14
9.123123123123123435e+01 1.234085015120545137e-14
9.133633633633634474e+01 1.134404833465813264e-14
9.144144144144144093e+01 1.042596094556922008e-14
9.154654654654655133e+01 9.580521623069480884e-15
9.165165165165166172e+01 8.802119354281572200e-15
9.175675675675675791e+01 8.085565266590729558e-15
9.186186186186186831e+01 7.426061765891211954e-15
9.196696696696696449e+01 6.819173860858694841e-15
9.207207207207207489e+01 6.260802523770414172e-15
9.217717717717718529e+01 5.747159948220697505e-15
9.228228228228228147e+01 5.274746573278578298e-15
9.238738738738739187e+01 4.840329752262828920e-15
9.249249249249250227e+01 4.440923952388805389e-15
9.259759759759759845e+01 4.073772379107507517e-15
9.270270270270270885e+01 3.736329926045629338e-15
9.280780780780780503e+01 3.426247358088162555e-15
9.291291291291291543e+01 3.141356641352812876e-15
9.301801801801802583e+01 2.879657339616899585e-15
9.312312312312312201e+01 2.639304002190398701e-15
9.322822822822823241e+01 2.418594473312568251e-15
9.333333333333334281e+01 2.215959057902562812e-15
9.343843843843843899e+01 2.029950482936701262e-15
9.354354354354354939e+01 1.859234597878206345e-15
9.364864864864864558e+01 1.702581761465501246e-15
9.375375375375375597e+01 1.558858865788988562e-15
9.385885885885886637e+01 1.427021951972802588e-15
9.396396396396396256e+01 1.306109374937983060e-15
9.406906906906907295e+01 1.195235477675085211e-15
9.417417417417418335e+01 1.093584738208461827e-15
9.427927927927927954e+01 1.000406355003834342e-15
9.438438438438438993e+01 9.150092389686517239e-16
9.448948948948950033e+01 8.367573824307899696e-16
9.459459459459459651e+01 7.650655775656770415e-16
9.469969969969970691e+01 6.993954586861105639e-16
9.480480480480480310e+01 6.392518446205673189e-16
9.490990990990991349e+01 5.841793590935652691e-16
9.501501501501502389e+01 5.337593085948155252e-16
9.512012012012012008e+01 4.876067986881789763e-16
9.522522522522523047e+01 4.453680710756937177e-16
9.533033033033034087e+01 4.067180450017156119e-16
9.543543543543543706e+01 3.713580477639494964e-16
9.554054054054054745e+01 3.390137201981774209e-16
9.564564564564564364e+01 3.094330840266349004e-16
9.575075075075075404e+01 2.823847589115926802e-16
9.585585585585586443e+01 2.576563179409944489e-16
9.596096096096096062e+01 2.350527710955741544e-16
9.606606606606607102e+01 2.143951670118954461e-16
9.617117117117118141e+01 1.955193040664896611e-16
9.627627627627627760e+01 1.782745424665559770e-16
9.638138138138138800e+01 1.625227096462054798e-16
9.648648648648648418e+01 1.481370918368658063e-16
9.659159159159159458e+01 1.350015052093303054e-16
9.669669669669670498e+01 1.230094404760205890e-16
9.680180180180180116e+01 1.120632752976003084e-16
9.690690690690691156e+01 1.020735492609276212e-16
9.701201201201202196e+01 9.295829658754478993e-17
9.711711711711711814e+01 8.464243209561348096e-17
9.722222222222222854e+01 7.705718627553106668e-17
9.732732732732732472e+01 7.013958565215029232e-17
9.743243243243243512e+01 6.383197489628545738e-17
9.753753753753754552e+01 5.808157741679512880e-17
9.764264264264264170e+01 5.284009141326694369e-17
9.774774774774775210e+01 4.806331859979841724e-17
9.785285285285286250e+01 4.371082302375771370e-17
9.795795795795795868e+01 3.974561760094688669e-17
9.806306306306306908e+01 3.613387617149006019e-17
9.816816816816816527e+01 3.284466904998747503e-17
9.827327327327327566e+01 2.984972020004503851e-17
9.837837837837838606e+01 2.712318430814908920e-17
9.848348348348348225e+01 2.464144216578124238e-17
9.858858858858859264e+01 2.238291289253699134e-17
9.869369369369370304e+01 2.032788164750078688e-17
9.879879879879879923e+01 1.845834158193733401e-17
9.890390390390390962e+01 1.675784888414588861e-17
9.900900900900902002e+01 1.521138985765024463e-17
9.911411411411411621e+01 1.380525905732007398e-17
9.921921921921922660e+01 1.252694758506840256e-17
9.932432432432432279e+01 1.136504071789413051e-17
9.942942942942943318e+01 1.030912410668613193e-17
9.953453453453454358e+01 9.349697844799440640e-18
9.963963963963963977e+01 8.478097761304264603e-18
9.974474474474475016e+01 7.686423345378049729e-18
9.984984984984986056e+01 6.967471755862281556e-18
9.995495495495495675e+01 6.314677413850633895e-18
1.000600600600600671e+02 5.722056716597847106e-18
1.001651651651651633e+02 5.184157448291599464e-18
1.002702702702702737e+02 4.696012497553905222e-18
1.003753753753753841e+02 4.253097523167878538e-18
1.004804804804804803e+02 3.851292238648810034e-18
1.005855855855855907e+02 3.486845013105437307e-18
1.006906906906907011e+02 3.156340510531683451e-18
1.007957957957957973e+02 2.856670112399679344e-18
1.009009009009009077e+02 2.585004889346709222e-18
1.010060060060060039e+02 2.338770906995934072e-18
1.011111111111111143e+02 2.115626668656338294e-18
1.012162162162162247e+02 1.913442513933806378e-18
1.013213213213213209e+02 1.730281807257316389e-18
1.014264264264264312e+02 1.564383764091124379e-18
1.015315315315315416e+02 1.414147775256338338e-18
1.016366366366366378e+02 1.278119101411303705e-18
1.017417417417417482e+02 1.154975820423081446e-18
1.018468468468468444e+02 1.043516920173998326e-18
1.019519519519519548e+02 9.426514383577428667e-19
1.020570570570570652e+02 8.513885590936481036e-19
1.021621621621621614e+02 7.688285837819458573e-19
1.022672672672672718e+02 6.941547005935188938e-19
1.023723723723723822e+02 6.266254833837273791e-19
1.024774774774774784e+02 5.655680566870648245e-19
1.025825825825825888e+02 5.103718688317057745e-19
1.026876876876876850e+02 4.604830201481114850e-19
1.027927927927927954e+02 4.153990977704421028e-19
1.028978978978979058e+02 3.746644726774223833e-19
1.030030030030030019e+02 3.378660184200463753e-19
1.031081081081081123e+02 3.046292144664021210e-19
1.032132132132132227e+02 2.746146002842993217e-19
1.033183183183183189e+02 2.475145492042848026e-19
1.034234234234234293e+02 2.230503337814234078e-19
1.035285285285285397e+02 2.009694568238081048e-19
1.036336336336336359e+02 1.810432244977434284e-19
1.037387387387387463e+02 1.630645399715299664e-19
1.038438438438438425e+02 1.468458979369872599e-19
1.039489489489489529e+02 1.322175620650418462e-19
1.040540540540540633e+02 1.190259090223368601e-19
1.041591591591591595e+02 1.071319241117233950e-19
1.042642642642642699e+02 9.640983491237019746e-20
1.043693693693693803e+02 8.674587049510874418e-20
1.044744744744744764e+02 7.803713488504019519e-20
1.045795795795795868e+02 7.019058444525049605e-20
1.046846846846846830e+02 6.312209977050451601e-20
1.047897897897897934e+02 5.675564351539670554e-20
1.048948948948949038e+02 5.102249634451513395e-20
1.050000000000000000e+02 4.586056388864217644e-20
