# radius_AU intensity_Jy_per_sr
0.000000000000000000e+00 1.746180670271986048e-05
1.051051051051051094e-01 1.774941200808116459e-05
2.102102102102102188e-01 1.803864039619109229e-05
3.153153153153153143e-01 1.832941766269859902e-05
4.204204204204204376e-01 1.862166759218681324e-05
5.255255255255255609e-01 1.891531197879563924e-05
6.306306306306306286e-01 1.921027064890628200e-05
7.357357357357358074e-01 1.950646148589689298e-05
8.408408408408408752e-01 1.980380045697611991e-05
9.459459459459459429e-01 2.010220164209902940e-05
1.051051051051051122e+00 2.040157726496726604e-05
1.156156156156156189e+00 2.070183772611291584e-05
1.261261261261261257e+00 2.100289163806289607e-05
1.366366366366366325e+00 2.130464586257828108e-05
1.471471471471471615e+00 2.160700554996012422e-05
1.576576576576576683e+00 2.190987418041091686e-05
1.681681681681681750e+00 2.221315360743806103e-05
1.786786786786786818e+00 2.251674410328307198e-05
1.891891891891891886e+00 2.282054440635748667e-05
1.996996996996997176e+00 2.312445177066390571e-05
2.102102102102102243e+00 2.342836201717762512e-05
2.207207207207207311e+00 2.373216958716193944e-05
2.312312312312312379e+00 2.403576759738705636e-05
2.417417417417417447e+00 2.433904789722027666e-05
2.522522522522522515e+00 2.464190112755214847e-05
2.627627627627627582e+00 2.494421678152063533e-05
2.732732732732732650e+00 2.524588326699274553e-05
2.837837837837838162e+00 2.554678797076038668e-05
2.942942942942943230e+00 2.584681732440461088e-05
3.048048048048048297e+00 2.614585687177973933e-05
3.153153153153153365e+00 2.644379133806651718e-05
3.258258258258258433e+00 2.674050470034061708e-05
3.363363363363363501e+00 2.703588025960073637e-05
3.468468468468468568e+00 2.732980071419770373e-05
3.573573573573573636e+00 2.762214823460404931e-05
3.678678678678678704e+00 2.791280453946083279e-05
3.783783783783783772e+00 2.820165097283654514e-05
3.888888888888888840e+00 2.848856858263056863e-05
3.993993993993994351e+00 2.877343820005169798e-05
4.099099099099099419e+00 2.905614052009999220e-05
4.204204204204204487e+00 2.933655618297855019e-05
4.309309309309309555e+00 2.961456585635970863e-05
4.414414414414414622e+00 2.989005031842844018e-05
4.519519519519519690e+00 3.016289054162412010e-05
4.624624624624624758e+00 3.043296777700006792e-05
4.729729729729729826e+00 3.070016363911894579e-05
4.834834834834834894e+00 3.096436019140051324e-05
4.939939939939939961e+00 3.122544003183706519e-05
5.045045045045045029e+00 3.148328637899064071e-05
5.150150150150150097e+00 3.173778315818496121e-05
5.255255255255255165e+00 3.198881508780413542e-05
5.360360360360360232e+00 3.223626776560932147e-05
5.465465465465465300e+00 3.248002775498367586e-05
5.570570570570570368e+00 3.271998267101539700e-05
5.675675675675676324e+00 3.295602126632820401e-05
5.780780780780781392e+00 3.318803351656798107e-05
5.885885885885886459e+00 3.341591070545435173e-05
5.990990990990991527e+00 3.363954550930556818e-05
6.096096096096096595e+00 3.385883208094517488e-05
6.201201201201201663e+00 3.407366613289912287e-05
6.306306306306306730e+00 3.428394501979198388e-05
6.411411411411411798e+00 3.448956781985163184e-05
6.516516516516516866e+00 3.469043541543189466e-05
6.621621621621621934e+00 3.488645057246363482e-05
6.726726726726727001e+00 3.507751801874521189e-05
6.831831831831832069e+00 3.526354452098431002e-05
6.936936936936937137e+00 3.544443896050406901e-05
7.042042042042042205e+00 3.562011240752760275e-05
7.147147147147147273e+00 3.579047819395620849e-05
7.252252252252252340e+00 3.595545198455806787e-05
7.357357357357357408e+00 3.611495184648556909e-05
7.462462462462462476e+00 3.626889831704114111e-05
7.567567567567567544e+00 3.641721446961327296e-05
7.672672672672672611e+00 3.655982597770601115e-05
7.777777777777777679e+00 3.669666117698752467e-05
7.882882882882883635e+00 3.682765112528518439e-05
7.987987987987988703e+00 3.695272966045683269e-05
8.093093093093093771e+00 3.707183345607040616e-05
8.198198198198198838e+00 3.718490207482609349e-05
8.303303303303303906e+00 3.729187801965821948e-05
8.408408408408408974e+00 3.739270678245618708e-05
8.513513513513514042e+00 3.748733689034671683e-05
8.618618618618619109e+00 3.757571994948251604e-05
8.723723723723724177e+00 3.765781068628498392e-05
8.828828828828829245e+00 3.773356698609202776e-05
8.933933933933934313e+00 3.780294992916457972e-05
9.039039039039039380e+00 3.786592382400887975e-05
9.144144144144144448e+00 3.792245623797444305e-05
9.249249249249249516e+00 3.797251802509114062e-05
9.354354354354354584e+00 3.801608335111182315e-05
9.459459459459459651e+00 3.805312971573045607e-05
9.564564564564564719e+00 3.808363797194891799e-05
9.669669669669669787e+00 3.810759234256924719e-05
9.774774774774774855e+00 3.812498043379133937e-05
9.879879879879879923e+00 3.813579324589975224e-05
9.984984984984984990e+00 3.814002518102670831e-05
1.009009009009009006e+01 3.813767404798191736e-05
1.019519519519519513e+01 3.812874106414334381e-05
1.030030030030030019e+01 3.811323085440673666e-05
1.040540540540540526e+01 3.809115144719506767e-05
1.051051051051051033e+01 3.806251426753280362e-05
1.061561561561561540e+01 3.802733412719331403e-05
1.072072072072072046e+01 3.798562921193130630e-05
1.082582582582582553e+01 3.793742106581575202e-05
1.093093093093093060e+01 3.788273457268212188e-05
1.103603603603603567e+01 3.782159793472637230e-05
1.114114114114114074e+01 3.775404264826635230e-05
1.124624624624624758e+01 3.768010347669993105e-05
1.135135135135135265e+01 3.759981842069217572e-05
1.145645645645645772e+01 3.751322868562756164e-05
1.156156156156156278e+01 3.742037864636609684e-05
1.166666666666666785e+01 3.732131580934559080e-05
1.177177177177177292e+01 3.721609077207546146e-05
1.187687687687687799e+01 3.710475718007027340e-05
1.198198198198198305e+01 3.698737168127447955e-05
1.208708708708708812e+01 3.686399387803245470e-05
1.219219219219219319e+01 3.673468627666084301e-05
1.229729729729729826e+01 3.659951423468298614e-05
1.240240240240240333e+01 3.645854590578773976e-05
1.250750750750750839e+01 3.631185218257753413e-05
1.261261261261261346e+01 3.615950663717302111e-05
1.271771771771771853e+01 3.600158545974392707e-05
1.282282282282282360e+01 3.583816739503800782e-05
1.292792792792792866e+01 3.566933367698204129e-05
1.303303303303303373e+01 3.549516796143085387e-05
1.313813813813813880e+01 3.531575625714232774e-05
1.324324324324324387e+01 3.513118685505796954e-05
1.334834834834834894e+01 3.494155025597040312e-05
1.345345345345345400e+01 3.474693909666064641e-05
1.355855855855855907e+01 3.454744807458943529e-05
1.366366366366366414e+01 3.434317387122820580e-05
1.376876876876876921e+01 3.413421507411640299e-05
1.387387387387387427e+01 3.392067209773301831e-05
1.397897897897897934e+01 3.370264710327093463e-05
1.408408408408408441e+01 3.348024391740366120e-05
1.418918918918918948e+01 3.325356795013456937e-05
1.429429429429429455e+01 3.302272611181934276e-05
1.439939939939939961e+01 3.278782672945270820e-05
1.450450450450450468e+01 3.254897946231082533e-05
1.460960960960960975e+01 3.230629521704090246e-05
1.471471471471471482e+01 3.205988606228947767e-05
1.481981981981981988e+01 3.180986514296086498e-05
1.492492492492492495e+01 3.155634659419704864e-05
1.503003003003003002e+01 3.129944545516969876e-05
1.513513513513513509e+01 3.103927758277485267e-05
1.524024024024024015e+01 3.077595956531999332e-05
1.534534534534534522e+01 3.050960863629255466e-05
1.545045045045045029e+01 3.024034258829819613e-05
1.555555555555555536e+01 2.996827968725599239e-05
1.566066066066066043e+01 2.969353858693697299e-05
1.576576576576576727e+01 2.941623824393086763e-05
1.587087087087087234e+01 2.913649783312506920e-05
1.597597597597597741e+01 2.885443666377805814e-05
1.608108108108108070e+01 2.857017409626833889e-05
1.618618618618618754e+01 2.828382945959823181e-05
1.629129129129129083e+01 2.799552196973024092e-05
1.639639639639639768e+01 2.770537064883185426e-05
1.650150150150150097e+01 2.741349424550302107e-05
1.660660660660660781e+01 2.712001115605830359e-05
1.671171171171171110e+01 2.682503934693403427e-05
1.681681681681681795e+01 2.652869627828832245e-05
1.692192192192192124e+01 2.623109882886016182e-05
1.702702702702702808e+01 2.593236322215087847e-05
1.713213213213213137e+01 2.563260495398984068e-05
1.723723723723723822e+01 2.533193872154296743e-05
1.734234234234234151e+01 2.503047835382115951e-05
1.744744744744744835e+01 2.472833674374249387e-05
1.755255255255255165e+01 2.442562578180016894e-05
1.765765765765765849e+01 2.412245629138508131e-05
1.776276276276276178e+01 2.381893796581001030e-05
1.786786786786786863e+01 2.351517930707893434e-05
1.797297297297297547e+01 2.321128756644327522e-05
1.807807807807807876e+01 2.290736868678340337e-05
1.818318318318318561e+01 2.260352724685158959e-05
1.828828828828828890e+01 2.229986640740975594e-05
1.839339339339339574e+01 2.199648785929234613e-05
1.849849849849849903e+01 2.169349177342266396e-05
1.860360360360360588e+01 2.139097675280730477e-05
1.870870870870870917e+01 2.108903978653166154e-05
1.881381381381381601e+01 2.078777620577581465e-05
1.891891891891891930e+01 2.048727964186821351e-05
1.902402402402402615e+01 2.018764198639121414e-05
1.912912912912912944e+01 1.988895335335043633e-05
1.923423423423423628e+01 1.959130204341677986e-05
1.933933933933933957e+01 1.929477451024776092e-05
1.944444444444444642e+01 1.899945532889174327e-05
1.954954954954954971e+01 1.870542716627672752e-05
1.965465465465465655e+01 1.841277075378206914e-05
1.975975975975975985e+01 1.812156486188982481e-05
1.986486486486486669e+01 1.783188627690922558e-05
1.996996996996996998e+01 1.754380977976612824e-05
2.007507507507507682e+01 1.725740812684617933e-05
2.018018018018018012e+01 1.697275203287892882e-05
2.028528528528528696e+01 1.668991015584716568e-05
2.039039039039039025e+01 1.640894908390423307e-05
2.049549549549549710e+01 1.612993332427930287e-05
2.060060060060060039e+01 1.585292529414922342e-05
2.070570570570570723e+01 1.557798531345287141e-05
2.081081081081081052e+01 1.530517159962269162e-05
2.091591591591591737e+01 1.503454026420558099e-05
2.102102102102102066e+01 1.476614531134412799e-05
2.112612612612612750e+01 1.450003863808690797e-05
2.123123123123123079e+01 1.423627003649546569e-05
2.133633633633633764e+01 1.397488719751342802e-05
2.144144144144144093e+01 1.371593571656235768e-05
2.154654654654654777e+01 1.345945910082689042e-05
2.165165165165165106e+01 1.320549877819095473e-05
2.175675675675675791e+01 1.295409410778502600e-05
2.186186186186186120e+01 1.270528239210374778e-05
2.196696696696696804e+01 1.245909889065164093e-05
2.207207207207207134e+01 1.221557683507401069e-05
2.217717717717717818e+01 1.197474744572878200e-05
2.228228228228228147e+01 1.173663994965463827e-05
2.238738738738738832e+01 1.150128159988943220e-05
2.249249249249249516e+01 1.126869769609276991e-05
2.259759759759759845e+01 1.103891160642541240e-05
2.270270270270270530e+01 1.081194479063803502e-05
2.280780780780780859e+01 1.058781682432119968e-05
2.291291291291291543e+01 1.036654542426794215e-05
2.301801801801801872e+01 1.014814647490021741e-05
2.312312312312312557e+01 9.932634055709926228e-06
2.322822822822822886e+01 9.720020469665408472e-06
2.333333333333333570e+01 9.510316272533699339e-06
2.343843843843843899e+01 9.303530303069347721e-06
2.354354354354354584e+01 9.099669714020067405e-06
2.364864864864864913e+01 8.898740003900071165e-06
2.375375375375375597e+01 8.700745049481612578e-06
2.385885885885885926e+01 8.505687138956002333e-06
2.396396396396396611e+01 8.313567005715079579e-06
2.406906906906906940e+01 8.124383862705003093e-06
2.417417417417417624e+01 7.938135437304115295e-06
2.427927927927927954e+01 7.754818006677589246e-06
2.438438438438438638e+01 7.574426433561570477e-06
2.448948948948948967e+01 7.396954202430568196e-06
2.459459459459459651e+01 7.222393456002019815e-06
2.469969969969969981e+01 7.050735032033038648e-06
2.480480480480480665e+01 6.881968500364629056e-06
2.490990990990990994e+01 6.716082200169845111e-06
2.501501501501501679e+01 6.553063277362720339e-06
2.512012012012012008e+01 6.392897722126055674e-06
2.522522522522522692e+01 6.235570406516617751e-06
2.533033033033033021e+01 6.081065122107598176e-06
2.543543543543543706e+01 5.929364617628725673e-06
2.554054054054054035e+01 5.780450636565785868e-06
2.564564564564564719e+01 5.634303954681936211e-06
2.575075075075075048e+01 5.490904417424544403e-06
2.585585585585585733e+01 5.350230977182060483e-06
2.596096096096096062e+01 5.212261730356727010e-06
2.606606606606606746e+01 5.076973954219823700e-06
2.617117117117117076e+01 4.944344143517438844e-06
2.627627627627627760e+01 4.814348046795687312e-06
2.638138138138138089e+01 4.686960702415640061e-06
2.648648648648648773e+01 4.562156474229162644e-06
2.659159159159159103e+01 4.439909086888215448e-06
2.669669669669669787e+01 4.320191660761154369e-06
2.680180180180180116e+01 4.202976746430911456e-06
2.690690690690690801e+01 4.088236358750925257e-06
2.701201201201201485e+01 3.975942010436042448e-06
2.711711711711711814e+01 3.866064745166638953e-06
2.722222222222222499e+01 3.758575170185457684e-06
2.732732732732732828e+01 3.653443488367846322e-06
2.743243243243243512e+01 3.550639529747115321e-06
2.753753753753753841e+01 3.450132782478074631e-06
2.764264264264264526e+01 3.351892423222760541e-06
2.774774774774774855e+01 3.255887346943687534e-06
2.785285285285285539e+01 3.162086196090861733e-06
2.795795795795795868e+01 3.070457389170171022e-06
2.806306306306306553e+01 2.980969148681569955e-06
2.816816816816816882e+01 2.893589528416824748e-06
2.827327327327327566e+01 2.808286440107421366e-06
2.837837837837837895e+01 2.725027679414473856e-06
2.848348348348348580e+01 2.643780951253315403e-06
2.858858858858858909e+01 2.564513894446647643e-06
2.869369369369369593e+01 2.487194105700890740e-06
2.879879879879879923e+01 2.411789162901581660e-06
2.890390390390390607e+01 2.338266647724356265e-06
2.900900900900900936e+01 2.266594167559199873e-06
2.911411411411411621e+01 2.196739376746329387e-06
2.921921921921921950e+01 2.128669997123128896e-06
2.932432432432432634e+01 2.062353837882216668e-06
2.942942942942942963e+01 1.997758814741724361e-06
2.953453453453453648e+01 1.934852968429453285e-06
2.963963963963963977e+01 1.873604482483546229e-06
2.974474474474474661e+01 1.813981700372841478e-06
2.984984984984984990e+01 1.755953141940971187e-06
2.995495495495495675e+01 1.699487519178767925e-06
3.006006006006006004e+01 1.644553751330362695e-06
3.016516516516516688e+01 1.591120979338821306e-06
3.027027027027027017e+01 1.539158579637912378e-06
3.037537537537537702e+01 1.488636177297021708e-06
3.048048048048048031e+01 1.439523658526900865e-06
3.058558558558558715e+01 1.391791182554336633e-06
3.069069069069069045e+01 1.345409192874400114e-06
3.079579579579579729e+01 1.300348427889309505e-06
3.090090090090090058e+01 1.256579930943463841e-06
3.100600600600600742e+01 1.214075059764491492e-06
3.111111111111111072e+01 1.172805495320652099e-06
3.121621621621621756e+01 1.132743250105167135e-06
3.132132132132132085e+01 1.093860675858480799e-06
3.142642642642642770e+01 1.056130470739642225e-06
3.153153153153153454e+01 1.019525685958378011e-06
3.163663663663663783e+01 9.840197318795841288e-07
3.174174174174174468e+01 9.495863836122235857e-07
3.184684684684684797e+01 9.161997860948399263e-07
3.195195195195195481e+01 8.838344586900005219e-07
3.205705705705705810e+01 8.524652993002210904e-07
3.216216216216216139e+01 8.220675880179687326e-07
3.226726726726727179e+01 7.926169903225168470e-07
3.237237237237237508e+01 7.640895598364791781e-07
3.247747747747747837e+01 7.364617406548923943e-07
3.258258258258258167e+01 7.097103692598334799e-07
3.268768768768769206e+01 6.838126760335080405e-07
3.279279279279279535e+01 6.587462863828097840e-07
3.289789789789789864e+01 6.344892214882926753e-07
3.300300300300300194e+01 6.110198986905370742e-07
3.310810810810811233e+01 5.883171315267726869e-07
3.321321321321321562e+01 5.663601294306240217e-07
3.331831831831831892e+01 5.451284971077192038e-07
3.342342342342342221e+01 5.246022335998643653e-07
3.352852852852853260e+01 5.047617310503376931e-07
3.363363363363363590e+01 4.855877731827746395e-07
3.373873873873873919e+01 4.670615335059553353e-07
3.384384384384384248e+01 4.491645732567047152e-07
3.394894894894895288e+01 4.318788390929262348e-07
3.405405405405405617e+01 4.151866605486530001e-07
3.415915915915915946e+01 3.990707472628082203e-07
3.426426426426426275e+01 3.835141859932137990e-07
3.436936936936937315e+01 3.685004374271595040e-07
3.447447447447447644e+01 3.540133327996862357e-07
3.457957957957957973e+01 3.400370703304880414e-07
3.468468468468468302e+01 3.265562114901744730e-07
3.478978978978979342e+01 3.135556771063720370e-07
3.489489489489489671e+01 3.010207433199525876e-07
3.500000000000000000e+01 2.889370374014179038e-07
3.510510510510510329e+01 2.772905334372719624e-07
3.521021021021021369e+01 2.660675478959378190e-07
3.531531531531531698e+01 2.552547350825646787e-07
3.542042042042042027e+01 2.448390824918025949e-07
3.552552552552552356e+01 2.348079060674008175e-07
3.563063063063063396e+01 2.251488453772138611e-07
3.573573573573573725e+01 2.158498587119691812e-07
3.584084084084084054e+01 2.068992181158781855e-07
3.594594594594595094e+01 1.982855043569462289e-07
3.605105105105105423e+01 1.899976018445661626e-07
3.615615615615615752e+01 1.820246935017270905e-07
3.626126126126126081e+01 1.743562555989407573e-07
3.636636636636637121e+01 1.669820525567079669e-07
3.647147147147147450e+01 1.598921317231246916e-07
3.657657657657657779e+01 1.530768181329567663e-07
3.668168168168168108e+01 1.465267092542891928e-07
3.678678678678679148e+01 1.402326697285935209e-07
3.689189189189189477e+01 1.341858261098275745e-07
3.699699699699699806e+01 1.283775616079337133e-07
3.710210210210210136e+01 1.227995108418792650e-07
3.720720720720721175e+01 1.174435546071371621e-07
3.731231231231231504e+01 1.123018146622850515e-07
3.741741741741741833e+01 1.073666485391675909e-07
3.752252252252252163e+01 1.026306443808578099e-07
3.762762762762763202e+01 9.808661581142078683e-08
3.773273273273273531e+01 9.372759684128146866e-08
3.783783783783783861e+01 8.954683681178049651e-08
3.794294294294294190e+01 8.553779538230492488e-08
3.804804804804805229e+01 8.169413756317366207e-08
3.815315315315315559e+01 7.800972879726711567e-08
3.825825825825825888e+01 7.447863009319266516e-08
3.836336336336336217e+01 7.109509321260120224e-08
3.846846846846847257e+01 6.785355591407851049e-08
3.857357357357357586e+01 6.474863725586690817e-08
3.867867867867867915e+01 6.177513295949241118e-08
3.878378378378378244e+01 5.892801083621710401e-08
3.888888888888889284e+01 5.620240627806449836e-08
3.899399399399399613e+01 5.359361781501569445e-08
3.909909909909909942e+01 5.109710273981828650e-08
3.920420420420420271e+01 4.870847280170894221e-08
3.930930930930931311e+01 4.642348997020269337e-08
3.941441441441441640e+01 4.423806226997132592e-08
3.951951951951951969e+01 4.214823968769689270e-08
3.962462462462462298e+01 4.015021015166434581e-08
3.972972972972973338e+01 3.824029558473252748e-08
3.983483483483483667e+01 3.641494803120782595e-08
3.993993993993993996e+01 3.467074585803008984e-08
4.004504504504504325e+01 3.300439003057875050e-08
4.015015015015015365e+01 3.141270046329798656e-08
4.025525525525525694e+01 2.989261244524744515e-08
4.036036036036036023e+01 2.844117314058672547e-08
4.046546546546547063e+01 2.705553816391872172e-08
4.057057057057057392e+01 2.573296823032715705e-08
4.067567567567567721e+01 2.447082587986584517e-08
4.078078078078078050e+01 2.326657227618234356e-08
4.088588588588589090e+01 2.211776407888435454e-08
4.099099099099099419e+01 2.102205038919173131e-08
4.109609609609609748e+01 1.997716976835085084e-08
4.120120120120120077e+01 1.898094732823098388e-08
4.130630630630631117e+01 1.803129189346304295e-08
4.141141141141141446e+01 1.712619323443116404e-08
4.151651651651651775e+01 1.626371937037575304e-08
4.162162162162162105e+01 1.544201394182424332e-08
4.172672672672673144e+01 1.465929365152043332e-08
4.183183183183183473e+01 1.391384577298668683e-08
4.193693693693693803e+01 1.320402572581525001e-08
4.204204204204204132e+01 1.252825471675412794e-08
4.214714714714715171e+01 1.188501744562146831e-08
4.225225225225225500e+01 1.127285987505605539e-08
4.235735735735735830e+01 1.069038706308645413e-08
4.246246246246246159e+01 1.013626105748049065e-08
4.256756756756757198e+01 9.609198850816739849e-09
4.267267267267267528e+01 9.107970395202928223e-09
4.277777777777777857e+01 8.631396675551717855e-09
4.288288288288288186e+01 8.178347840312265526e-09
4.298798798798799226e+01 7.747741388545250438e-09
4.309309309309309555e+01 7.338540412221239824e-09
4.319819819819819884e+01 6.949751892615718657e-09
4.330330330330330213e+01 6.580425049670298077e-09
4.340840840840841253e+01 6.229649743186101578e-09
4.351351351351351582e+01 5.896554924715184127e-09
4.361861861861861911e+01 5.580307139015649916e-09
4.372372372372372240e+01 5.280109073939032911e-09
4.382882882882883280e+01 4.995198157621296099e-09
4.393393393393393609e+01 4.724845201853973551e-09
4.403903903903903938e+01 4.468353090517941720e-09
4.414414414414414267e+01 4.225055511969685724e-09
4.424924924924925307e+01 3.994315734278062446e-09
4.435435435435435636e+01 3.775525422219165067e-09
4.445945945945945965e+01 3.568103494946905418e-09
4.456456456456456294e+01 3.371495023268568554e-09
4.466966966966967334e+01 3.185170165466319642e-09
4.477477477477477663e+01 3.008623140618584507e-09
4.487987987987987992e+01 2.841371238388562235e-09
4.498498498498499032e+01 2.682953864261729181e-09
4.509009009009009361e+01 2.532931619228319525e-09
4.519519519519519690e+01 2.390885412922435543e-09
4.530030030030030019e+01 2.256415609245189871e-09
4.540540540540541059e+01 2.129141203515170106e-09
4.551051051051051388e+01 2.008699030206396785e-09
4.561561561561561717e+01 1.894743000350519169e-09
4.572072072072072046e+01 1.786943367697483780e-09
4.582582582582583086e+01 1.684986022746037639e-09
4.593093093093093415e+01 1.588571813773279308e-09
4.603603603603603744e+01 1.497415894010018248e-09
4.614114114114114074e+01 1.411247094126974190e-09
4.624624624624625113e+01 1.329807319214491336e-09
4.635135135135135442e+01 1.252850969456823837e-09
4.645645645645645772e+01 1.180144383719954972e-09
4.656156156156156101e+01 1.111465305290235717e-09
4.666666666666667140e+01 1.046602369019027171e-09
4.677177177177177470e+01 9.853546091467749601e-10
4.687687687687687799e+01 9.275309870977182926e-10
4.698198198198198128e+01 8.729499385545352884e-10
4.708708708708709167e+01 8.214389391398068592e-10
4.719219219219219497e+01 7.728340880489218812e-10
4.729729729729729826e+01 7.269797089964354847e-10
4.740240240240240155e+01 6.837279678552640114e-10
4.750750750750751195e+01 6.429385063851582042e-10
4.761261261261261524e+01 6.044780914638093518e-10
4.771771771771771853e+01 5.682202792506145191e-10
4.782282282282282182e+01 5.340450937296386585e-10
4.792792792792793222e+01 5.018387190944597216e-10
4.803303303303303551e+01 4.714932054535843859e-10
4.813813813813813880e+01 4.429061873508184402e-10
4.824324324324324209e+01 4.159806146104285313e-10
4.834834834834835249e+01 3.906244950320669047e-10
4.845345345345345578e+01 3.667506484753468477e-10
4.855855855855855907e+01 3.442764718885088277e-10
4.866366366366366236e+01 3.231237148499820301e-10
4.876876876876877276e+01 3.032182652055881813e-10
4.887387387387387605e+01 2.844899443979115999e-10
4.897897897897897934e+01 2.668723120977053027e-10
4.908408408408408263e+01 2.503024797603792582e-10
4.918918918918919303e+01 2.347209327433690055e-10
4.929429429429429632e+01 2.200713606327208992e-10
4.939939939939939961e+01 2.063004954393954035e-10
4.950450450450451001e+01 1.933579573377299553e-10
4.960960960960961330e+01 1.811961076300528098e-10
4.971471471471471659e+01 1.697699086327480073e-10
4.981981981981981988e+01 1.590367901900778032e-10
4.992492492492493028e+01 1.489565225327388919e-10
5.003003003003003357e+01 1.394910952085536551e-10
5.013513513513513686e+01 1.306046018227830426e-10
5.024024024024024015e+01 1.222631303354013273e-10
5.034534534534535055e+01 1.144346586721764007e-10
5.045045045045045384e+01 1.070889554156804492e-10
5.055555555555555713e+01 1.001974853513163266e-10
5.066066066066066043e+01 9.373331965216717857e-11
5.076576576576577082e+01 8.767105049490039437e-11
5.087087087087087411e+01 8.198670990713781590e-11
5.097597597597597741e+01 7.665769265461301280e-11
5.108108108108108070e+01 7.166268298410305463e-11
5.118618618618619109e+01 6.698158504552448105e-11
5.129129129129129439e+01 6.259545682375294053e-11
5.139639639639639768e+01 5.848644741764634172e-11
5.150150150150150097e+01 5.463773751045399982e-11
5.160660660660661136e+01 5.103348288224212015e-11
5.171171171171171466e+01 4.765876082121869049e-11
5.181681681681681795e+01 4.449951929684732247e-11
5.192192192192192124e+01 4.154252876346131149e-11
5.202702702702703164e+01 3.877533646867602108e-11
5.213213213213213493e+01 3.618622314630266328e-11
5.223723723723723822e+01 3.376416197865974199e-11
5.234234234234234151e+01 3.149877971819393878e-11
5.244744744744745191e+01 2.938031986313499651e-11
5.255255255255255520e+01 2.739960778655516158e-11
5.265765765765765849e+01 2.554801772266227805e-11
5.276276276276276178e+01 2.381744151845246197e-11
5.286786786786787218e+01 2.220025906296944320e-11
5.297297297297297547e+01 2.068931031038719230e-11
5.307807807807807876e+01 1.927786881693649178e-11
5.318318318318318205e+01 1.795961671535833703e-11
5.328828828828829245e+01 1.672862105407378420e-11
5.339339339339339574e+01 1.557931143163170266e-11
5.349849849849849903e+01 1.450645886022487135e-11
5.360360360360360232e+01 1.350515579516721724e-11
5.370870870870871272e+01 1.257079727019252539e-11
5.381381381381381601e+01 1.169906308128372941e-11
5.391891891891891930e+01 1.088590096446732715e-11
5.402402402402402970e+01 1.012751071562148270e-11
5.412912912912913299e+01 9.420329202843862345e-12
5.423423423423423628e+01 8.761016224319051031e-12
5.433933933933933957e+01 8.146441166915051514e-12
5.444444444444444997e+01 7.573670422926495112e-12
5.454954954954955326e+01 7.039955524475910870e-12
5.465465465465465655e+01 6.542721957084274588e-12
5.475975975975975985e+01 6.079558615834718059e-12
5.486486486486487024e+01 5.648207869377628140e-12
5.496996996996997353e+01 5.246556198769839893e-12
5.507507507507507682e+01 4.872625379803947701e-12
5.518018018018018012e+01 4.524564179072831193e-12
5.528528528528529051e+01 4.200640535528780202e-12
5.539039039039039380e+01 3.899234200741931469e-12
5.549549549549549710e+01 3.618829812440026308e-12
5.560060060060060039e+01 3.358010377224999082e-12
5.570570570570571078e+01 3.115451139612668831e-12
5.581081081081081408e+01 2.889913815733576980e-12
5.591591591591591737e+01 2.680241171167978547e-12
5.602102102102102066e+01 2.485351923468553863e-12
5.612612612612613106e+01 2.304235950952315883e-12
5.623123123123123435e+01 2.135949790321821929e-12
5.633633633633633764e+01 1.979612406605916530e-12
5.644144144144144093e+01 1.834401219795630647e-12
5.654654654654655133e+01 1.699548373391444340e-12
5.665165165165165462e+01 1.574337230877724247e-12
5.675675675675675791e+01 1.458099086899627722e-12
5.686186186186186120e+01 1.350210080638991010e-12
5.696696696696697160e+01 1.250088299570652878e-12
5.707207207207207489e+01 1.157191062430963384e-12
5.717717717717717818e+01 1.071012370846983280e-12
5.728228228228228147e+01 9.910805196605939319e-13
5.738738738738739187e+01 9.169558565367016824e-13
5.749249249249249516e+01 8.482286819713466878e-13
5.759759759759759845e+01 7.845172813145081921e-13
5.770270270270270174e+01 7.254660808954352678e-13
5.780780780780781214e+01 6.707439207864154400e-13
5.791291291291291543e+01 6.200424371653366232e-13
5.801801801801801872e+01 5.730745476392426896e-13
5.812312312312312201e+01 5.295730332717303582e-13
5.822822822822823241e+01 4.892892114169056175e-13
5.833333333333333570e+01 4.519916938035220227e-13
5.843843843843843899e+01 4.174652246350240813e-13
5.854354354354354939e+01 3.855095937761286968e-13
5.864864864864865268e+01 3.559386203846048223e-13
5.875375375375375597e+01 3.285792026192587683e-13
5.885885885885885926e+01 3.032704293124880211e-13
5.896396396396396966e+01 2.798627497388028816e-13
5.906906906906907295e+01 2.582171978403276829e-13
5.917417417417417624e+01 2.382046674870030490e-13
5.927927927927927954e+01 2.197052355538801793e-13
5.938438438438438993e+01 2.026075297909163525e-13
5.948948948948949322e+01 1.868081386428750969e-13
5.959459459459459651e+01 1.722110603487334860e-13
5.969969969969969981e+01 1.587271888120424829e-13
5.980480480480481020e+01 1.462738338863750709e-13
5.990990990990991349e+01 1.347742738639884304e-13
6.001501501501501679e+01 1.241573380914321194e-13
6.012012012012012008e+01 1.143570177636258432e-13
6.022522522522523047e+01 1.053121030682398018e-13
6.033033033033033377e+01 9.696584496551830862e-14
6.043543543543543706e+01 8.926563999531615763e-14
6.054054054054054035e+01 8.216273660349197153e-14
6.064564564564565075e+01 7.561196157419895298e-14
6.075075075075075404e+01 6.957146524344693887e-14
6.085585585585585733e+01 6.400248425279608066e-14
6.096096096096096062e+01 5.886912068058335934e-14
6.106606606606607102e+01 5.413813646184982322e-14
6.117117117117117431e+01 4.977876207750199221e-14
6.127627627627627760e+01 4.576251855835807105e-14
6.138138138138138089e+01 4.206305191093885873e-14
6.148648648648649129e+01 3.865597912928524707e-14
6.159159159159159458e+01 3.551874501103256219e-14
6.169669669669669787e+01 3.263048904657256425e-14
6.180180180180180116e+01 2.997192169763664392e-14
6.190690690690691156e+01 2.752520942617238372e-14
6.201201201201201485e+01 2.527386787617403428e-14
6.211711711711711814e+01 2.320266265029457974e-14
6.222222222222222143e+01 2.129751715979685601e-14
6.232732732732733183e+01 1.954542706080600039e-14
6.243243243243243512e+01 1.793438082207789039e-14
6.253753753753753841e+01 1.645328599969502983e-14
6.264264264264264170e+01 1.509190082239299734e-14
6.274774774774775210e+01 1.384077071769973144e-14
6.285285285285285539e+01 1.269116943386209891e-14
6.295795795795795868e+01 1.163504443573185448e-14
6.306306306306306908e+01 1.066496627449034074e-14
6.316816816816817237e+01 9.774081651393310739e-15
6.327327327327327566e+01 8.956069914703750011e-15
6.337837837837837895e+01 8.205102746735050108e-15
6.348348348348348935e+01 7.515806814517841043e-15
6.358858858858859264e+01 6.883229173112295080e-15
6.369369369369369593e+01 6.302805225075197800e-15
6.379879879879879923e+01 5.770329053125551515e-15
6.390390390390390962e+01 5.281925955688858744e-15
6.400900900900900581e+01 4.834027026802252849e-15
6.411411411411411621e+01 4.423345632874490395e-15
6.421921921921922660e+01 4.046855649076791789e-15
6.432432432432432279e+01 3.701771327727604077e-15
6.442942942942943318e+01 3.385528679982078513e-15
6.453453453453454358e+01 3.095768260479798742e-15
6.463963963963963977e+01 2.830319252380971090e-15
6.474474474474475016e+01 2.587184757473692571e-15
6.484984984984984635e+01 2.364528202791611224e-15
6.495495495495495675e+01 2.160660781476197529e-15
6.506006006006006714e+01 1.974029851484354481e-15
6.516516516516516333e+01 1.803208221202091781e-15
6.527027027027027373e+01 1.646884256111681596e-15
6.537537537537538412e+01 1.503852745393599852e-15
6.548048048048048031e+01 1.373006471749745793e-15
6.558558558558559071e+01 1.253328431834511302e-15
6.569069069069068689e+01 1.143884658493868215e-15
6.579579579579579729e+01 1.043817599558800851e-15
6.590090090090090769e+01 9.523400112381639382e-16
6.600600600600600387e+01 8.687293272212837477e-16
6.611111111111111427e+01 7.923224674504009366e-16
6.621621621621622467e+01 7.225110531709252019e-16
6.632132132132132085e+01 6.587369973269559446e-16
6.642642642642643125e+01 6.004884416545145660e-16
6.653153153153152743e+01 5.472960139464251492e-16
6.663663663663663783e+01 4.987293809321691576e-16
6.674174174174174823e+01 4.543940740445802159e-16
6.684684684684684441e+01 4.139285670413933606e-16
6.695195195195195481e+01 3.770015860238265013e-16
6.705705705705706521e+01 3.433096338543510808e-16
6.716216216216216139e+01 3.125747123295587211e-16
6.726726726726727179e+01 2.845422267194678174e-16
6.737237237237238219e+01 2.589790584482335783e-16
6.747747747747747837e+01 2.356717927694493599e-16
6.758258258258258877e+01 2.144250892885502245e-16
6.768768768768768496e+01 1.950601841103573559e-16
6.779279279279279535e+01 1.774135132469484208e-16
6.789789789789790575e+01 1.613354477149060049e-16
6.800300300300300194e+01 1.466891314856583725e-16
6.810810810810811233e+01 1.333494141327896212e-16
6.821321321321322273e+01 1.212018706494892359e-16
6.831831831831831892e+01 1.101419014914505560e-16
6.842342342342342931e+01 1.000739064390846749e-16
6.852852852852852550e+01 9.091052637085377270e-17
6.863363363363363590e+01 8.257194749987691115e-17
6.873873873873874629e+01 7.498526305158521612e-17
6.884384384384384248e+01 6.808388775339145753e-17
6.894894894894895288e+01 6.180702087074747174e-17
6.905405405405406327e+01 5.609915385959113946e-17
6.915915915915915946e+01 5.090961901515044100e-17
6.926426426426426985e+01 4.619217578331194179e-17
6.936936936936936604e+01 4.190463166497776950e-17
6.947447447447447644e+01 3.800849488767979044e-17
6.957957957957958683e+01 3.446865624377156487e-17
6.968468468468468302e+01 3.125309770208692869e-17
6.978978978978979342e+01 2.833262559144602765e-17
6.989489489489490381e+01 2.568062633096330016e-17
7.000000000000000000e+01 2.327284284488919579e-17
7.010510510510511040e+01 2.108716994978840459e-17
7.021021021021020658e+01 1.910346714014149959e-17
7.031531531531531698e+01 1.730338732586057821e-17
7.042042042042042738e+01 1.567022019259833878e-17
7.052552552552552356e+01 1.418874896380832951e-17
7.063063063063063396e+01 1.284511944306157605e-17
7.073573573573574436e+01 1.162672030675091974e-17
7.084084084084084054e+01 1.052207370164619819e-17
7.094594594594595094e+01 9.520735279377576706e-18
7.105105105105104712e+01 8.613202871319922736e-18
7.115615615615615752e+01 7.790833073022078589e-18
7.126126126126126792e+01 7.045765067727110717e-18
7.136636636636636410e+01 6.370851074051314350e-18
7.147147147147147450e+01 5.759592853939128650e-18
7.157657657657658490e+01 5.206083763922164130e-18
7.168168168168168108e+01 4.704955875813381625e-18
7.178678678678679148e+01 4.251331732569052263e-18
7.189189189189190188e+01 3.840780341420884252e-18
7.199699699699699806e+01 3.469277039776502468e-18
7.210210210210210846e+01 3.133166900051054010e-18
7.220720720720720465e+01 2.829131367735860371e-18
7.231231231231231504e+01 2.554157852837282789e-18
7.241741741741742544e+01 2.305512018518333813e-18
7.252252252252252163e+01 2.080712532511509466e-18
7.262762762762763202e+01 1.877508066809456065e-18
7.273273273273274242e+01 1.693856349420071010e-18
7.283783783783783861e+01 1.527905088730801945e-18
7.294294294294294900e+01 1.377974606387809714e-18
7.304804804804804519e+01 1.242542028671136737e-18
7.315315315315315559e+01 1.120226899241911123e-18
7.325825825825826598e+01 1.009778087951224337e-18
7.336336336336336217e+01 9.100618812166957890e-19
7.346846846846847257e+01 8.200511493782368767e-19
7.357357357357358296e+01 7.388154955114771792e-19
7.367867867867867915e+01 6.655122984751833378e-19
7.378378378378378954e+01 5.993785705629587060e-19
7.388888888888888573e+01 5.397235570760908967e-19
7.399399399399399613e+01 4.859220114882498274e-19
7.409909909909910652e+01 4.374080856837908613e-19
7.420420420420420271e+01 3.936697800635381690e-19
7.430930930930931311e+01 3.542439031684661092e-19
7.441441441441442350e+01 3.187114949098748712e-19
7.451951951951951969e+01 2.866936715497433339e-19
7.462462462462463009e+01 2.578478542798685055e-19
7.472972972972972627e+01 2.318643466320429115e-19
7.483483483483483667e+01 2.084632290412154783e-19
7.493993993993994707e+01 1.873915417048660012e-19
7.504504504504504325e+01 1.684207294565516039e-19
7.515015015015015365e+01 1.513443247217222184e-19
7.525525525525526405e+01 1.359758467679801399e-19
7.536036036036036023e+01 1.221468974179254187e-19
7.546546546546547063e+01 1.097054351767247805e-19
7.557057057057056682e+01 9.851421135326022666e-20
7.567567567567567721e+01 8.844935323671231187e-20
7.578078078078078761e+01 7.939908074232080346e-20
7.588588588588588379e+01 7.126254417188307408e-20
7.599099099099099419e+01 6.394877185703061115e-20
7.609609609609610459e+01 5.737571747577568033e-20
7.620120120120120077e+01 5.146939776399809931e-20
7.630630630630631117e+01 4.616311219152629455e-20
7.641141141141142157e+01 4.139673694439738014e-20
7.651651651651651775e+01 3.711608625749996994e-20
7.662162162162162815e+01 3.327233478124643944e-20
7.672672672672672434e+01 2.982149524766697607e-20
7.683183183183183473e+01 2.672394623050459783e-20
7.693693693693694513e+01 2.394400527521811501e-20
7.704204204204204132e+01 2.144954311239369371e-20
7.714714714714715171e+01 1.921163506595109193e-20
7.725225225225226211e+01 1.720424612913319670e-20
7.735735735735735830e+01 1.540394650988747937e-20
7.746246246246246869e+01 1.378965474581510684e-20
7.756756756756756488e+01 1.234240576007828199e-20
7.767267267267267528e+01 1.104514147595670308e-20
7.777777777777778567e+01 9.882521831411334178e-21
7.788288288288288186e+01 8.840754238037450957e-21
7.798798798798799226e+01 7.907439713086403251e-21
7.809309309309310265e+01 7.071434080465833964e-21
7.819819819819819884e+01 6.322722788354093102e-21
7.830330330330330924e+01 5.652308028701432601e-21
7.840840840840840542e+01 5.052106968711968821e-21
7.851351351351351582e+01 4.514860017578959213e-21
7.861861861861862621e+01 4.034048154356101695e-21
7.872372372372372240e+01 3.603818435842339979e-21
7.882882882882883280e+01 3.218916887636348677e-21
7.893393393393394319e+01 2.874628057871666184e-21
7.903903903903903938e+01 2.566720582307019326e-21
7.914414414414414978e+01 2.291398172088806107e-21
7.924924924924924596e+01 2.045255492220696119e-21
7.935435435435435636e+01 1.825238450121888885e-21
7.945945945945946676e+01 1.628608460133432654e-21
7.956456456456456294e+01 1.452910291887054260e-21
7.966966966966967334e+01 1.295943148504043810e-21
7.977477477477478374e+01 1.155734655012616947e-21
7.987987987987987992e+01 1.030517468501233102e-21
7.998498498498499032e+01 9.187082496748505980e-22
8.009009009009008651e+01 8.188887609282392810e-22
8.019519519519519690e+01 7.297888790506775513e-22
8.030030030030030730e+01 6.502713314630379382e-22
8.040540540540540349e+01 5.793179836669580294e-22
8.051051051051051388e+01 5.160175225508454107e-22
8.061561561561562428e+01 4.595543955184964040e-22
8.072072072072072046e+01 4.091988792405823724e-22
8.082582582582583086e+01 3.642981643192861081e-22
8.093093093093094126e+01 3.242683534298238447e-22
8.103603603603603744e+01 2.885872806759307685e-22
8.114114114114114784e+01 2.567880690757978044e-22
8.124624624624624403e+01 2.284533513753497577e-22
8.135135135135135442e+01 2.032100868535378846e-22
8.145645645645646482e+01 1.807249135188993362e-22
8.156156156156156101e+01 1.606999811674716940e-22
8.166666666666667140e+01 1.428692162447375587e-22
8.177177177177178180e+01 1.269949743859216126e-22
8.187687687687687799e+01 1.128650409524243716e-22
8.198198198198198838e+01 1.002899438852040695e-22
8.208708708708708457e+01 8.910054680115835134e-23
8.219219219219219497e+01 7.914589350503368266e-23
8.229729729729730536e+01 7.029127801237181486e-23
8.240240240240240155e+01 6.241651680988509676e-23
8.250750750750751195e+01 5.541440244749168506e-23
8.261261261261262234e+01 4.918931968673448541e-23
8.271771771771771853e+01 4.365600734686598974e-23
8.282282282282282893e+01 3.873845071378036887e-23
8.292792792792792511e+01 3.436889092714958494e-23
8.303303303303303551e+01 3.048693915483566697e-23
8.313813813813814591e+01 2.703878461653418515e-23
8.324324324324324209e+01 2.397648664453635023e-23
8.334834834834835249e+01 2.125734198125311359e-23
8.345345345345346288e+01 1.884331942207598370e-23
8.355855855855855907e+01 1.670055472853836566e-23
8.366366366366366947e+01 1.479889946990728359e-23
8.376876876876876565e+01 1.311151810959824806e-23
8.387387387387387605e+01 1.161452824371036231e-23
8.397897897897898645e+01 1.028667942933817720e-23
8.408408408408408263e+01 9.109066516201090123e-24
8.418918918918919303e+01 8.064873822092901206e-24
8.429429429429430343e+01 7.139146875622467742e-24
8.439939939939939961e+01 6.318588793164448891e-24
8.450450450450451001e+01 5.591378664891855794e-24
8.460960960960960620e+01 4.947009600828027714e-24
8.471471471471471659e+01 4.376144335284187515e-24
8.481981981981982699e+01 3.870486509783162995e-24
8.492492492492492318e+01 3.422665953219232571e-24
8.503003003003003357e+01 3.026136455956892847e-24
8.513513513513514397e+01 2.675084693938351517e-24
8.524024024024024015e+01 2.364349101572473480e-24
8.534534534534535055e+01 2.089347619931622208e-24
8.545045045045046095e+01 1.846013361132822165e-24
8.555555555555555713e+01 1.630737332108640672e-24
8.566066066066066753e+01 1.440317452533205749e-24
8.576576576576576372e+01 1.271913183572262057e-24
8.587087087087087411e+01 1.123005157378479483e-24
8.597597597597598451e+01 9.913592627587157979e-25
8.608108108108108070e+01 8.749947010012621019e-25
8.618618618618619109e+01 7.721555781993584029e-25
8.629129129129130149e+01 6.812856471891509371e-25
8.639639639639639768e+01 6.010058540211669711e-25
8.650150150150150807e+01 5.300943812274019514e-25
8.660660660660660426e+01 4.674689134997688312e-25
8.671171171171171466e+01 4.121708811803755359e-25
8.681681681681682505e+01 3.633514635575420699e-25
8.692192192192192124e+01 3.202591576995915585e-25
8.702702702702703164e+01 2.822287397450330667e-25
8.713213213213214203e+01 2.486714644728347894e-25
8.723723723723723822e+01 2.190663658421624106e-25
8.734234234234234862e+01 1.929525362353698935e-25
8.744744744744744480e+01 1.699222755542127568e-25
8.755255255255255520e+01 1.496150132816477759e-25
8.765765765765766560e+01 1.317119172858504798e-25
8.776276276276276178e+01 1.159311126476689698e-25
8.786786786786787218e+01 1.020234422627526218e-25
8.797297297297298257e+01 8.976870851585495676e-26
8.807807807807807876e+01 7.897234204676898438e-26
8.818318318318318916e+01 6.946244961414223969e-26
8.828828828828828534e+01 6.108719839418769646e-26
8.839339339339339574e+01 5.371249879707822924e-26
8.849849849849850614e+01 4.721995210814649480e-26
8.860360360360360232e+01 4.150503302019294059e-26
8.870870870870871272e+01 3.647548046809424552e-26
8.881381381381382312e+01 3.204987315241057316e-26
8.891891891891891930e+01 2.815636878514400553e-26
8.902402402402402970e+01 2.473158844420004654e-26
8.912912912912912589e+01 2.171962951542039846e-26
8.923423423423423628e+01 1.907119256093127009e-26
8.933933933933934668e+01 1.674280910552282675e-26
8.944444444444444287e+01 1.469615880151525356e-26
8.954954954954955326e+01 1.289746573742492971e-26
8.965465465465466366e+01 1.131696481474314097e-26
8.975975975975975985e+01 9.928430146399068202e-27
8.986486486486487024e+01 8.708758344357977776e-27
8.996996996996998064e+01 7.637600375073519662e-27
9.007507507507507682e+01 6.697036381549354426e-27
9.018018018018018722e+01 5.871288509725002708e-27
9.028528528528528341e+01 5.146467343791474198e-27
9.039039039039039380e+01 4.510348057895809915e-27
9.049549549549550420e+01 3.952172837674385846e-27
9.060060060060060039e+01 3.462476520498808213e-27
9.070570570570571078e+01 3.032932753904547423e-27
9.081081081081082118e+01 2.656218282418430469e-27
9.091591591591591737e+01 2.325893248385040232e-27
9.102102102102102776e+01 2.036295636395134172e-27
9.112612612612612395e+01 1.782448207072109148e-27
9.123123123123123435e+01 1.559976457418433233e-27
9.133633633633634474e+01 1.365036314457735913e-27
9.144144144144144093e+01 1.194250419005062482e-27
9.154654654654655133e+01 1.044651989264730196e-27
9.165165165165166172e+01 9.136353715457048795e-28
9.175675675675675791e+01 7.989124894349132120e-28
9.186186186186186831e+01 6.984744948232171299e-28
9.196696696696696449e+01 6.105580056021594204e-28
9.207207207207207489e+01 5.336153868570867354e-28
9.217717717717718529e+01 4.662885960515020670e-28
9.228228228228228147e+01 4.073861689815746520e-28
9.238738738738739187e+01 3.558629730276854523e-28
9.249249249249250227e+01 3.108023981912462661e-28
9.259759759759759845e+01 2.714006952458460850e-28
9.270270270270270885e+01 2.369532046422987047e-28
9.280780780780780503e+01 2.068422501097658932e-28
9.291291291291291543e+01 1.805264976527683460e-28
9.301801801801802583e+01 1.575316042674815097e-28
9.312312312312312201e+01 1.374420015525131912e-28
9.322822822822823241e+01 1.198936777919416565e-28
9.333333333333334281e+01 1.045678383257892907e-28
9.343843843843843899e+01 9.118533834760819455e-29
9.354354354354354939e+01 7.950179490349126753e-29
9.364864864864864558e+01 6.930329600869598561e-29
9.375375375375375597e+01 6.040263462171007333e-29
9.385885885885886637e+01 5.263600387552972338e-29
9.396396396396396256e+01 4.586009759824921192e-29
9.406906906906907295e+01 3.994956688076511986e-29
9.417417417417418335e+01 3.479478937485571259e-29
9.427927927927927954e+01 3.029991322439068612e-29
9.438438438438438993e+01 2.638114212926640069e-29
9.448948948948950033e+01 2.296523208927520864e-29
9.459459459459459651e+01 1.998817393849630069e-29
9.469969969969970691e+01 1.739403891729744297e-29
9.480480480480480310e+01 1.513396728924901022e-29
9.490990990990991349e+01 1.316528243886751423e-29
9.501501501501502389e+01 1.145071502259280065e-29
9.512012012012012008e+01 9.957723624487161976e-30
9.522522522522523047e+01 8.657900020594685909e-30
9.533033033033034087e+01 7.526448608722284229e-30
9.543543543543543706e+01 6.541730837504279864e-30
9.554054054054054745e+01 5.684866591029844354e-30
9.564564564564564364e+01 4.939385471593740030e-30
9.575075075075075404e+01 4.290921789620440573e-30
9.585585585585586443e+01 3.726947830932221506e-30
9.596096096096096062e+01 3.236540639950638053e-30
9.606606606606607102e+01 2.810178144337966441e-30
9.617117117117118141e+01 2.439560961828089496e-30
9.627627627627627760e+01 2.117456682238790079e-30
9.638138138138138800e+01 1.837563814529796534e-30
9.648648648648648418e+01 1.594392936983640995e-30
9.659159159159159458e+01 1.383162894048704643e-30
9.669669669669670498e+01 1.199710151298672070e-30
9.680180180180180116e+01 1.040409654893839390e-30
9.690690690690691156e+01 9.021057479068652672e-31
9.701201201201202196e+01 7.820518764283122592e-31
9.711711711711711814e+01 6.778579766061429991e-31
9.722222222222222854e+01 5.874445724304938652e-31
9.732732732732732472e+01 5.090027355500523832e-31
9.743243243243243512e+01 4.409591648084227699e-31
9.753753753753754552e+01 3.819457363723292561e-31
9.764264264264264170e+01 3.307729569131879004e-31
9.774774774774775210e+01 2.864068237305147173e-31
9.785285285285286250e+01 2.479486582228966531e-31
9.795795795795795868e+01 2.146175338212872243e-31
9.806306306306306908e+01 1.857349673667321751e-31
9.816816816816816527e+01 1.607115847878127362e-31
9.827327327327327566e+01 1.390355085557831534e-31
9.837837837837838606e+01 1.202622464204604649e-31
9.848348348348348225e+01 1.040058889287266203e-31
9.858858858858859264e+01 8.993144770217957786e-32
9.869369369369370304e+01 7.774818784034596450e-32
9.879879879879879923e+01 6.720382650623363051e-32
9.890390390390390962e+01 5.807948607974876772e-32
9.900900900900902002e+01 5.018530452711334478e-32
9.911411411411411621e+01 4.335661809014025795e-32
9.921921921921922660e+01 3.745064227496252143e-32
9.932432432432432279e+01 3.234358661414726613e-32
9.942942942942943318e+01 2.792814696298251130e-32
9.953453453453454358e+01 2.411132632241895721e-32
9.963963963963963977e+01 2.081254149070533083e-32
9.974474474474475016e+01 1.796197834988694504e-32
9.984984984984986056e+01 1.549916339386189932e-32
9.995495495495495675e+01 1.337172329081147772e-32
1.000600600600600671e+02 1.153430792250660739e-32
1.001651651651651633e+02 9.947655524373554812e-33
1.002702702702702737e+02 8.577781322849039771e-33
1.003753753753753841e+02 7.395273482569441983e-33
1.004804804804804803e+02 6.374682280744923333e-33
1.005855855855855907e+02 5.493990259467128870e-33
1.006906906906907011e+02 4.734152703357633020e-33
1.007957957957957973e+02 4.078699180199635000e-33
1.009009009009009077e+02 3.513388092482581754e-33
1.010060060060060039e+02 3.025907241212118782e-33
1.011111111111111143e+02 2.605614320058905701e-33
1.012162162162162247e+02 2.243312055540839599e-33
1.013213213213213209e+02 1.931053402783606526e-33
1.014264264264264312e+02 1.661972809887482081e-33
1.015315315315315416e+02 1.430140088706487348e-33
1.016366366366366378e+02 1.230433886102034408e-33
1.017417417417417482e+02 1.058432146344029524e-33
1.018468468468468444e+02 9.103173000262101991e-34
1.019519519519519548e+02 7.827942143826532095e-34
1.020570570570570652e+02 6.730192001121158222e-34
1.021621621621621614e+02 5.785385958471198177e-34
1.022672672672672718e+02 4.972356477054761233e-34
1.023723723723723822e+02 4.272845718087250170e-34
1.024774774774774784e+02 3.671108356242605448e-34
1.025825825825825888e+02 3.153568224247442767e-34
1.026876876876876850e+02 2.708521546185297185e-34
1.027927927927927954e+02 2.325880484137083444e-34
1.028978978978979058e+02 1.996951561738260835e-34
1.030030030030030019e+02 1.714244255884467800e-34
1.031081081081081123e+02 1.471305678824084021e-34
1.032132132132132227e+02 1.262577819968290644e-34
1.033183183183183189e+02 1.083274290999919695e-34
1.034234234234234293e+02 9.292739288953073938e-35
1.035285285285285397e+02 7.970289676477021464e-35
1.036336336336336359e+02 6.834857980615073576e-35
1.037387387387387463e+02 5.860166022865448277e-35
1.038438438438438425e+02 5.023603812563977024e-35
1.039489489489489529e+02 4.305720936467751329e-35
1.040540540540540633e+02 3.689787985088403236e-35
1.041591591591591595e+02 3.161418439429372565e-35
1.042642642642642699e+02 2.708242741741574324e-35
1.043693693693693803e+02 2.319627398706124839e-35
1.044744744744744764e+02 1.986432938514335064e-35
1.045795795795795868e+02 1.700805384954058976e-35
1.046846846846846830e+02 1.455996639444979123e-35
1.047897897897897934e+02 1.246209791262738130e-35
1.048948948948949038e+02 1.066465920199169675e-35
1.050000000000000000e+02 9.124894260883359197e-36
