# radius_AU intensity_Jy_per_sr
0.000000000000000000e+00 8.710879220808044347e-07
1.051051051051051094e-01 9.000964782207692931e-07
2.102102102102102188e-01 9.299105371775462411e-07
3.153153153153153143e-01 9.605463177610927089e-07
4.204204204204204376e-01 9.920201420703098730e-07
5.255255255255255609e-01 1.024348427443079648e-06
6.306306306306306286e-01 1.057547678058289616e-06
7.357357357357358074e-01 1.091634476187317074e-06
8.408408408408408752e-01 1.126625473092721640e-06
9.459459459459459429e-01 1.162537379572320946e-06
1.051051051051051122e+00 1.199386956147133452e-06
1.156156156156156189e+00 1.237191002892139527e-06
1.261261261261261257e+00 1.275966348909124959e-06
1.366366366366366325e+00 1.315729841441383041e-06
1.471471471471471615e+00 1.356498334630387696e-06
1.576576576576576683e+00 1.398288677915091966e-06
1.681681681681681750e+00 1.441117704074864914e-06
1.786786786786786818e+00 1.485002216917638611e-06
1.891891891891891886e+00 1.529958978615248756e-06
1.996996996996997176e+00 1.576004696688502809e-06
2.102102102102102243e+00 1.623156010644966742e-06
2.207207207207207311e+00 1.671429478273030897e-06
2.312312312312312379e+00 1.720841561596275825e-06
2.417417417417417447e+00 1.771408612492788521e-06
2.522522522522522515e+00 1.823146857984518251e-06
2.627627627627627582e+00 1.876072385202431570e-06
2.732732732732732650e+00 1.930201126033682921e-06
2.837837837837838162e+00 1.985548841457694167e-06
2.942942942942943230e+00 2.042131105578517118e-06
3.048048048048048297e+00 2.099963289361535193e-06
3.153153153153153365e+00 2.159060544083063253e-06
3.258258258258258433e+00 2.219437784502086120e-06
3.363363363363363501e+00 2.281109671763900151e-06
3.468468468468468568e+00 2.344090596046106028e-06
3.573573573573573636e+00 2.408394658957912516e-06
3.678678678678678704e+00 2.474035655704452108e-06
3.783783783783783772e+00 2.541027057028241457e-06
3.888888888888888840e+00 2.609381990940744069e-06
3.993993993993994351e+00 2.679113224257377322e-06
4.099099099099099419e+00 2.750233143950096525e-06
4.204204204204204487e+00 2.822753738332200394e-06
4.309309309309309555e+00 2.896686578090574035e-06
4.414414414414414622e+00 2.972042797181281791e-06
4.519519519519519690e+00 3.048833073604903439e-06
4.624624624624624758e+00 3.127067610078660265e-06
4.729729729729729826e+00 3.206756114622888324e-06
4.834834834834834894e+00 3.287907781080032817e-06
4.939939939939939961e+00 3.370531269584860147e-06
5.045045045045045029e+00 3.454634687005097941e-06
5.150150150150150097e+00 3.540225567372296071e-06
5.255255255255255165e+00 3.627310852323159547e-06
5.360360360360360232e+00 3.715896871572125492e-06
5.465465465465465300e+00 3.805989323436420579e-06
5.570570570570570368e+00 3.897593255435321100e-06
5.675675675675676324e+00 3.990713044985731267e-06
5.780780780780781392e+00 4.085352380216670540e-06
5.885885885885886459e+00 4.181514240925640670e-06
5.990990990990991527e+00 4.279200879700164159e-06
6.096096096096096595e+00 4.378413803228280111e-06
6.201201201201201663e+00 4.479153753821914700e-06
6.306306306306306730e+00 4.581420691177571640e-06
6.411411411411411798e+00 4.685213774398815976e-06
6.516516516516516866e+00 4.790531344305562379e-06
6.621621621621621934e+00 4.897370906055053783e-06
6.726726726726727001e+00 5.005729112099989625e-06
6.831831831831832069e+00 5.115601745509037650e-06
6.936936936936937137e+00 5.226983703675438428e-06
7.042042042042042205e+00 5.339868982439197420e-06
7.147147147147147273e+00 5.454250660648698255e-06
7.252252252252252340e+00 5.570120885187336257e-06
7.357357357357357408e+00 5.687470856491004163e-06
7.462462462462462476e+00 5.806290814581985885e-06
7.567567567567567544e+00 5.926570025644957291e-06
7.672672672672672611e+00 6.048296769170438065e-06
7.777777777777777679e+00 6.171458325691132755e-06
7.882882882882883635e+00 6.296040965136128990e-06
7.987987987987988703e+00 6.422029935827959827e-06
8.093093093093093771e+00 6.549409454147033186e-06
8.198198198198198838e+00 6.678162694887742466e-06
8.303303303303303906e+00 6.808271782330195488e-06
8.408408408408408974e+00 6.939717782051068616e-06
8.513513513513514042e+00 7.072480693496698212e-06
8.618618618618619109e+00 7.206539443340998935e-06
8.723723723723724177e+00 7.341871879650332539e-06
8.828828828828829245e+00 7.478454766876840120e-06
8.933933933933934313e+00 7.616263781701184084e-06
9.039039039039039380e+00 7.755273509744994737e-06
9.144144144144144448e+00 7.895457443172626945e-06
9.249249249249249516e+00 8.036787979201142780e-06
9.354354354354354584e+00 8.179236419536597540e-06
9.459459459459459651e+00 8.322772970754051765e-06
9.564564564564564719e+00 8.467366745637692555e-06
9.669669669669669787e+00 8.612985765496785972e-06
9.774774774774774855e+00 8.759596963472082010e-06
9.879879879879879923e+00 8.907166188846475375e-06
9.984984984984984990e+00 9.055658212372671626e-06
1.009009009009009006e+01 9.205036732629603622e-06
1.019519519519519513e+01 9.355264383418289539e-06
1.030030030030030019e+01 9.506302742206759827e-06
1.040540540540540526e+01 9.658112339632492934e-06
1.051051051051051033e+01 9.810652670069757805e-06
1.061561561561561540e+01 9.963882203267968547e-06
1.072072072072072046e+01 1.011775839706604368e-05
1.082582582582582553e+01 1.027223771118647831e-05
1.093093093093093060e+01 1.042727562211159910e-05
1.103603603603603567e+01 1.058282663904318459e-05
1.114114114114114074e+01 1.073884432094535424e-05
1.124624624624624758e+01 1.089528129466928627e-05
1.135135135135135265e+01 1.105208927415696905e-05
1.145645645645645772e+01 1.120921908071993221e-05
1.156156156156156278e+01 1.136662066438735678e-05
1.166666666666666785e+01 1.152424312631681200e-05
1.177177177177177292e+01 1.168203474225924476e-05
1.187687687687687799e+01 1.183994298706864027e-05
1.198198198198198305e+01 1.199791456024522220e-05
1.208708708708708812e+01 1.215589541249976620e-05
1.219219219219219319e+01 1.231383077332509493e-05
1.229729729729729826e+01 1.247166517955947072e-05
1.240240240240240333e+01 1.262934250492517890e-05
1.250750750750750839e+01 1.278680599052416012e-05
1.261261261261261346e+01 1.294399827627122521e-05
1.271771771771771853e+01 1.310086143324390184e-05
1.282282282282282360e+01 1.325733699692666342e-05
1.292792792792792866e+01 1.341336600132589084e-05
1.303303303303303373e+01 1.356888901393059324e-05
1.313813813813813880e+01 1.372384617149254679e-05
1.324324324324324387e+01 1.387817721659825333e-05
1.334834834834834894e+01 1.403182153500378109e-05
1.345345345345345400e+01 1.418471819370235817e-05
1.355855855855855907e+01 1.433680597969329423e-05
1.366366366366366414e+01 1.448802343941961423e-05
1.376876876876876921e+01 1.463830891884067898e-05
1.387387387387387427e+01 1.478760060410482854e-05
1.397897897897897934e+01 1.493583656278607502e-05
1.408408408408408441e+01 1.508295478564777526e-05
1.418918918918918948e+01 1.522889322889517703e-05
1.429429429429429455e+01 1.537358985687775495e-05
1.439939939939939961e+01 1.551698268520139523e-05
1.450450450450450468e+01 1.565900982420944285e-05
1.460960960960960975e+01 1.579960952279095928e-05
1.471471471471471482e+01 1.593872021247364940e-05
1.481981981981981988e+01 1.607628055175815547e-05
1.492492492492492495e+01 1.621222947064982498e-05
1.503003003003003002e+01 1.634650621534334766e-05
1.513513513513513509e+01 1.647905039301513167e-05
1.524024024024024015e+01 1.660980201667774017e-05
1.534534534534534522e+01 1.673870155005024202e-05
1.545045045045045029e+01 1.686568995239801498e-05
1.555555555555555536e+01 1.699070872329508955e-05
1.566066066066066043e+01 1.711369994726192806e-05
1.576576576576576727e+01 1.723460633823129339e-05
1.587087087087087234e+01 1.735337128379470226e-05
1.597597597597597741e+01 1.746993888918196486e-05
1.608108108108108070e+01 1.758425402092608569e-05
1.618618618618618754e+01 1.769626235016615598e-05
1.629129129129129083e+01 1.780591039554066512e-05
1.639639639639639768e+01 1.791314556562411894e-05
1.650150150150150097e+01 1.801791620085987333e-05
1.660660660660660781e+01 1.812017161494257944e-05
1.671171171171171110e+01 1.821986213560387711e-05
1.681681681681681795e+01 1.831693914475558688e-05
1.692192192192192124e+01 1.841135511794496536e-05
1.702702702702702808e+01 1.850306366307733828e-05
1.713213213213213137e+01 1.859201955836199736e-05
1.723723723723723822e+01 1.867817878943794587e-05
1.734234234234234151e+01 1.876149858563685963e-05
1.744744744744744835e+01 1.884193745534154231e-05
1.755255255255255165e+01 1.891945522039889540e-05
1.765765765765765849e+01 1.899401304954752799e-05
1.776276276276276178e+01 1.906557349082110719e-05
1.786786786786786863e+01 1.913410050288955636e-05
1.797297297297297547e+01 1.919955948530145166e-05
1.807807807807807876e+01 1.926191730759207896e-05
1.818318318318318561e+01 1.932114233722290024e-05
1.828828828828828890e+01 1.937720446631940221e-05
1.839339339339339574e+01 1.943007513717576995e-05
1.849849849849849903e+01 1.947972736649607203e-05
1.860360360360360588e+01 1.952613576834320193e-05
1.870870870870870917e+01 1.956927657576822355e-05
1.881381381381381601e+01 1.960912766109436400e-05
1.891891891891891930e+01 1.964566855483134406e-05
1.902402402402402615e+01 1.967888046319753880e-05
1.912912912912912944e+01 1.970874628422880610e-05
1.923423423423423628e+01 1.973525062245484017e-05
1.933933933933933957e+01 1.975837980212522853e-05
1.944444444444444642e+01 1.977812187896948125e-05
1.954954954954954971e+01 1.979446665047673122e-05
1.965465465465465655e+01 1.980740566468283697e-05
1.975975975975975985e+01 1.981693222745419184e-05
1.986486486486486669e+01 1.982304140825954535e-05
1.996996996996996998e+01 1.982573004442278624e-05
2.007507507507507682e+01 1.982499674385161166e-05
2.018018018018018012e+01 1.982084188623876560e-05
2.028528528528528696e+01 1.981326762273438960e-05
2.039039039039039025e+01 1.980227787408988556e-05
2.049549549549549710e+01 1.978787832727554717e-05
2.060060060060060039e+01 1.977007643057602230e-05
2.070570570570570723e+01 1.974888138716953222e-05
2.081081081081081052e+01 1.972430414719862000e-05
2.091591591591591737e+01 1.969635739834196228e-05
2.102102102102102066e+01 1.966505555489860826e-05
2.112612612612612750e+01 1.963041474539783924e-05
2.123123123123123079e+01 1.959245279874947520e-05
2.133633633633633764e+01 1.955118922895138274e-05
2.144144144144144093e+01 1.950664521837243621e-05
2.154654654654654777e+01 1.945884359963106773e-05
2.165165165165165106e+01 1.940780883609105625e-05
2.175675675675675791e+01 1.935356700099789991e-05
2.186186186186186120e+01 1.929614575528070149e-05
2.196696696696696804e+01 1.923557432404593686e-05
2.207207207207207134e+01 1.917188347179119744e-05
2.217717717717717818e+01 1.910510547636821052e-05
2.228228228228228147e+01 1.903527410172606104e-05
2.238738738738738832e+01 1.896242456946679181e-05
2.249249249249249516e+01 1.888659352924691463e-05
2.259759759759759845e+01 1.880781902805971301e-05
2.270270270270270530e+01 1.872614047843422364e-05
2.280780780780780859e+01 1.864159862558828465e-05
2.291291291291291543e+01 1.855423551357373663e-05
2.301801801801801872e+01 1.846409445045334977e-05
2.312312312312312557e+01 1.837121997254962993e-05
2.322822822822822886e+01 1.827565780780695065e-05
2.333333333333333570e+01 1.817745483830902716e-05
2.343843843843843899e+01 1.807665906199478907e-05
2.354354354354354584e+01 1.797331955361632111e-05
2.364864864864864913e+01 1.786748642498326329e-05
2.375375375375375597e+01 1.775921078453868531e-05
2.385885885885885926e+01 1.764854469631199190e-05
2.396396396396396611e+01 1.753554113829490385e-05
2.406906906906906940e+01 1.742025396028698976e-05
2.417417417417417624e+01 1.730273784125754195e-05
2.427927927927927954e+01 1.718304824627095944e-05
2.438438438438438638e+01 1.706124138302284797e-05
2.448948948948948967e+01 1.693737415803449488e-05
2.459459459459459651e+01 1.681150413255307446e-05
2.469969969969969981e+01 1.668368947820537011e-05
2.480480480480480665e+01 1.655398893245239300e-05
2.490990990990990994e+01 1.642246175389245632e-05
2.501501501501501679e+01 1.628916767745985439e-05
2.512012012012012008e+01 1.615416686956628245e-05
2.522522522522522692e+01 1.601751988323158027e-05
2.533033033033033021e+01 1.587928761325032239e-05
2.543543543543543706e+01 1.573953125144001816e-05
2.554054054054054035e+01 1.559831224201651921e-05
2.564564564564564719e+01 1.545569223714143565e-05
2.575075075075075048e+01 1.531173305268595895e-05
2.585585585585585733e+01 1.516649662425466978e-05
2.596096096096096062e+01 1.502004496351237354e-05
2.606606606606606746e+01 1.487244011485604256e-05
2.617117117117117076e+01 1.472374411247335768e-05
2.627627627627627760e+01 1.457401893782825943e-05
2.638138138138138089e+01 1.442332647761322798e-05
2.648648648648648773e+01 1.427172848220681311e-05
2.659159159159159103e+01 1.411928652467424786e-05
2.669669669669669787e+01 1.396606196034755802e-05
2.680180180180180116e+01 1.381211588702091917e-05
2.690690690690690801e+01 1.365750910579549818e-05
2.701201201201201485e+01 1.350230208260721846e-05
2.711711711711711814e+01 1.334655491046942604e-05
2.722222222222222499e+01 1.319032727246133097e-05
2.732732732732732828e+01 1.303367840549200390e-05
2.743243243243243512e+01 1.287666706486804260e-05
2.753753753753753841e+01 1.271935148969223707e-05
2.764264264264264526e+01 1.256178936911874092e-05
2.774774774774774855e+01 1.240403780948937370e-05
2.785285285285285539e+01 1.224615330237394129e-05
2.795795795795795868e+01 1.208819169353639376e-05
2.806306306306306553e+01 1.193020815284700718e-05
2.816816816816816882e+01 1.177225714515965619e-05
2.827327327327327566e+01 1.161439240217149230e-05
2.837837837837837895e+01 1.145666689528137399e-05
2.848348348348348580e+01 1.129913280946149220e-05
2.858858858858858909e+01 1.114184151815572175e-05
2.869369369369369593e+01 1.098484355921636397e-05
2.879879879879879923e+01 1.082818861188991083e-05
2.890390390390390607e+01 1.067192547486075332e-05
2.900900900900900936e+01 1.051610204536065530e-05
2.911411411411411621e+01 1.036076529935009691e-05
2.921921921921921950e+01 1.020596127277657961e-05
2.932432432432432634e+01 1.005173504391324551e-05
2.942942942942942963e+01 9.898130716780191224e-06
2.953453453453453648e+01 9.745191405649172346e-06
2.963963963963963977e+01 9.592959220631392100e-06
2.974474474474474661e+01 9.441475254346512244e-06
2.984984984984984990e+01 9.290779569669994540e-06
2.995495495495495675e+01 9.140911188554400369e-06
3.006006006006006004e+01 8.991908081919291874e-06
3.016516516516516688e+01 8.843807160602946494e-06
3.027027027027027017e+01 8.696644267368163346e-06
3.037537537537537702e+01 8.550454169953103283e-06
3.048048048048048031e+01 8.405270555157154085e-06
3.058558558558558715e+01 8.261126023950599286e-06
3.069069069069069045e+01 8.118052087596003494e-06
3.079579579579579729e+01 7.976079164767988655e-06
3.090090090090090058e+01 7.835236579657399832e-06
3.100600600600600742e+01 7.695552561044568152e-06
3.111111111111111072e+01 7.557054242325872909e-06
3.121621621621621756e+01 7.419767662476569849e-06
3.132132132132132085e+01 7.283717767932351190e-06
3.142642642642642770e+01 7.148928415371044178e-06
3.153153153153153454e+01 7.015422375375362811e-06
3.163663663663663783e+01 6.883221336956718538e-06
3.174174174174174468e+01 6.752345912919515486e-06
3.184684684684684797e+01 6.622815646044839955e-06
3.195195195195195481e+01 6.494649016071571289e-06
3.205705705705705810e+01 6.367863447452820124e-06
3.216216216216216139e+01 6.242475317864653864e-06
3.226726726726727179e+01 6.118499967443981996e-06
3.237237237237237508e+01 5.995951708731849604e-06
3.247747747747747837e+01 5.874843837297974913e-06
3.258258258258258167e+01 5.755188643022261681e-06
3.268768768768769206e+01 5.636997422008434493e-06
3.279279279279279535e+01 5.520280489104922140e-06
3.289789789789789864e+01 5.405047191007647547e-06
3.300300300300300194e+01 5.291305919919527570e-06
3.310810810810811233e+01 5.179064127741014165e-06
3.321321321321321562e+01 5.068328340766148212e-06
3.331831831831831892e+01 4.959104174858338915e-06
3.342342342342342221e+01 4.851396351080231639e-06
3.352852852852853260e+01 4.745208711751917766e-06
3.363363363363363590e+01 4.640544236911806227e-06
3.373873873873873919e+01 4.537405061154501775e-06
3.384384384384384248e+01 4.435792490820303576e-06
3.394894894894895288e+01 4.335707021510874162e-06
3.405405405405405617e+01 4.237148355905954910e-06
3.415915915915915946e+01 4.140115421856066028e-06
3.426426426426426275e+01 4.044606390726550013e-06
3.436936936936937315e+01 3.950618695968383624e-06
3.447447447447447644e+01 3.858149051891610293e-06
3.457957957957957973e+01 3.767193472617430421e-06
3.468468468468468302e+01 3.677747291185508349e-06
3.478978978978979342e+01 3.589805178793222069e-06
3.489489489489489671e+01 3.503361164144118354e-06
3.500000000000000000e+01 3.418408652883117612e-06
3.510510510510510329e+01 3.334940447096592577e-06
3.521021021021021369e+01 3.252948764855747737e-06
3.531531531531531698e+01 3.172425259782313430e-06
3.542042042042042027e+01 3.093361040615909864e-06
3.552552552552552356e+01 3.015746690763142750e-06
3.563063063063063396e+01 2.939572287808805651e-06
3.573573573573573725e+01 2.864827422970237519e-06
3.584084084084084054e+01 2.791501220476303627e-06
3.594594594594595094e+01 2.719582356853168564e-06
3.605105105105105423e+01 2.649059080099494584e-06
3.615615615615615752e+01 2.579919228734223764e-06
3.626126126126126081e+01 2.512150250700882507e-06
3.636636636636637121e+01 2.445739222112695529e-06
3.647147147147147450e+01 2.380672865823596881e-06
3.657657657657657779e+01 2.316937569810644851e-06
3.668168168168168108e+01 2.254519405354133629e-06
3.678678678678679148e+01 2.193404145002145681e-06
3.689189189189189477e+01 2.133577280307017631e-06
3.699699699699699806e+01 2.075024039321661286e-06
3.710210210210210136e+01 2.017729403844493762e-06
3.720720720720721175e+01 1.961678126402118574e-06
3.731231231231231504e+01 1.906854746959687551e-06
3.741741741741741833e+01 1.853243609349325075e-06
3.752252252252252163e+01 1.800828877407751088e-06
3.762762762762763202e+01 1.749594550814687803e-06
3.773273273273273531e+01 1.699524480624352075e-06
3.783783783783783861e+01 1.650602384482782193e-06
3.794294294294294190e+01 1.602811861524492401e-06
3.804804804804805229e+01 1.556136406942360943e-06
3.815315315315315559e+01 1.510559426225336152e-06
3.825825825825825888e+01 1.466064249058993351e-06
3.836336336336336217e+01 1.422634142884640275e-06
3.846846846846847257e+01 1.380252326113093518e-06
3.857357357357357586e+01 1.338901980989841207e-06
3.867867867867867915e+01 1.298566266108763657e-06
3.878378378378378244e+01 1.259228328572159960e-06
3.888888888888889284e+01 1.220871315795241811e-06
3.899399399399399613e+01 1.183478386953787397e-06
3.909909909909909942e+01 1.147032724074056835e-06
3.920420420420420271e+01 1.111517542764610044e-06
3.930930930930931311e+01 1.076916102590002261e-06
3.941441441441441640e+01 1.043211717086851652e-06
3.951951951951951969e+01 1.010387763423092396e-06
3.962462462462462298e+01 9.784276917017288878e-07
3.972972972972973338e+01 9.473150339106918375e-07
3.983483483483483667e+01 9.170334125208428248e-07
3.993993993993993996e+01 8.875665487344484754e-07
4.004504504504504325e+01 8.588982703868921646e-07
4.015015015015015365e+01 8.310125195046076561e-07
4.025525525525525694e+01 8.038933595226132828e-07
4.036036036036036023e+01 7.775249821652559791e-07
4.046546546546547063e+01 7.518917139941256829e-07
4.057057057057057392e+01 7.269780226273133289e-07
4.067567567567567721e+01 7.027685226344446424e-07
4.078078078078078050e+01 6.792479811122072809e-07
4.088588588588589090e+01 6.564013229452526703e-07
4.099099099099099419e+01 6.342136357576114837e-07
4.109609609609609748e+01 6.126701745599157662e-07
4.120120120120120077e+01 5.917563660979561833e-07
4.130630630630631117e+01 5.714578129082221976e-07
4.141141141141141446e+01 5.517602970862639836e-07
4.151651651651651775e+01 5.326497837738221447e-07
4.162162162162162105e+01 5.141124243708506592e-07
4.172672672672673144e+01 4.961345594786250761e-07
4.183183183183183473e+01 4.787027215802689092e-07
4.193693693693693803e+01 4.618036374650909457e-07
4.204204204204204132e+01 4.454242304032466237e-07
4.214714714714715171e+01 4.295516220772692431e-07
4.225225225225225500e+01 4.141731342770947010e-07
4.235735735735735830e+01 3.992762903652348905e-07
4.246246246246246159e+01 3.848488165188132933e-07
4.256756756756757198e+01 3.708786427551776176e-07
4.267267267267267528e+01 3.573539037478368431e-07
4.277777777777777857e+01 3.442629394394573234e-07
4.288288288288288186e+01 3.315942954586795998e-07
4.298798798798799226e+01 3.193367233474663322e-07
4.309309309309309555e+01 3.074791806057093309e-07
4.319819819819819884e+01 2.960108305597520434e-07
4.330330330330330213e+01 2.849210420614938583e-07
4.340840840840841253e+01 2.741993890246532784e-07
4.351351351351351582e+01 2.638356498047476909e-07
4.361861861861861911e+01 2.538198064292598501e-07
4.372372372372372240e+01 2.441420436844266167e-07
4.382882882882883280e+01 2.347927480649831923e-07
4.393393393393393609e+01 2.257625065931398930e-07
4.403903903903903938e+01 2.170421055129685553e-07
4.414414414414414267e+01 2.086225288663041477e-07
4.424924924924925307e+01 2.004949569561569915e-07
4.435435435435435636e+01 1.926507647035471144e-07
4.445945945945945965e+01 1.850815199035528533e-07
4.456456456456456294e+01 1.777789813862825502e-07
4.466966966966967334e+01 1.707350970883461264e-07
4.477477477477477663e+01 1.639420020403072346e-07
4.487987987987987992e+01 1.573920162754639976e-07
4.498498498498499032e+01 1.510776426652083747e-07
4.509009009009009361e+01 1.449915646860747560e-07
4.519519519519519690e+01 1.391266441234722091e-07
4.530030030030030019e+01 1.334759187169748140e-07
4.540540540540541059e+01 1.280325997519073822e-07
4.551051051051051388e+01 1.227900696018477349e-07
4.561561561561561717e+01 1.177418792265243315e-07
4.572072072072072046e+01 1.128817456294725010e-07
4.582582582582583086e+01 1.082035492796717363e-07
4.593093093093093415e+01 1.037013315012605519e-07
4.603603603603603744e+01 9.936929183529086508e-08
4.614114114114114074e+01 9.520178537735857325e-08
4.624624624624625113e+01 9.119332009481154520e-08
4.635135135135135442e+01 8.733855412710832720e-08
4.645645645645645772e+01 8.363229307276713951e-08
4.656156156156156101e+01 8.006948726622561208e-08
4.666666666666667140e+01 7.664522904779200032e-08
4.677177177177177470e+01 7.335475002975044785e-08
4.687687687687687799e+01 7.019341836155219479e-08
4.698198198198198128e+01 6.715673599690485457e-08
4.708708708708709167e+01 6.424033596544548886e-08
4.719219219219219497e+01 6.143997965156445386e-08
4.729729729729729826e+01 5.875155408282542173e-08
4.740240240240240155e+01 5.617106923031385607e-08
4.750750750750751195e+01 5.369465532312598769e-08
4.761261261261261524e+01 5.131856017910016339e-08
4.771771771771771853e+01 4.903914655377862670e-08
4.782282282282282182e+01 4.685288950948202984e-08
4.792792792792793222e+01 4.475637380626910650e-08
4.803303303303303551e+01 4.274629131645135147e-08
4.813813813813813880e+01 4.081943846422790498e-08
4.824324324324324209e+01 3.897271369191116361e-08
4.834834834834835249e+01 3.720311495411045412e-08
4.845345345345345578e+01 3.550773724115158530e-08
4.855855855855855907e+01 3.388377013291313479e-08
4.866366366366366236e+01 3.232849538417651709e-08
4.876876876876877276e+01 3.083928454249434141e-08
4.887387387387387605e+01 2.941359659950111248e-08
4.897897897897897934e+01 2.804897567650585617e-08
4.908408408408408263e+01 2.674304874513002193e-08
4.918918918918919303e+01 2.549352338367468746e-08
4.929429429429429632e+01 2.429818556982941751e-08
4.939939939939939961e+01 2.315489751026138722e-08
4.950450450450451001e+01 2.206159550755806611e-08
4.960960960960961330e+01 2.101628786492773907e-08
4.971471471471471659e+01 2.001705282899902673e-08
4.981981981981981988e+01 1.906203657100151667e-08
4.992492492492493028e+01 1.814945120654832651e-08
5.003003003003003357e+01 1.727757285418786118e-08
5.013513513513513686e+01 1.644473973283574250e-08
5.024024024024024015e+01 1.564935029814991216e-08
5.034534534534535055e+01 1.488986141785985858e-08
5.045045045045045384e+01 1.416478658601702749e-08
5.055555555555555713e+01 1.347269417608687461e-08
5.066066066066066043e+01 1.281220573276341827e-08
5.076576576576577082e+01 1.218199430234554275e-08
5.087087087087087411e+01 1.158078280147761244e-08
5.097597597597597741e+01 1.100734242402070347e-08
5.108108108108108070e+01 1.046049108578845481e-08
5.118618618618619109e+01 9.939091906848736220e-09
5.129129129129129439e+01 9.442051731063958306e-09
5.139639639639639768e+01 8.968319682513984818e-09
5.150150150150150097e+01 8.516885758421608775e-09
5.160660660660661136e+01 8.086779458174613951e-09
5.171171171171171466e+01 7.677068448017963752e-09
5.181681681681681795e+01 7.286857260967597000e-09
5.192192192192192124e+01 6.915286031479897158e-09
5.202702702702703164e+01 6.561529264392388400e-09
5.213213213213213493e+01 6.224794637636160544e-09
5.223723723723723822e+01 5.904321838205635627e-09
5.234234234234234151e+01 5.599381430859183935e-09
5.244744744744745191e+01 5.309273759011767331e-09
5.255255255255255520e+01 5.033327877271069219e-09
5.265765765765765849e+01 4.770900515059407755e-09
5.276276276276276178e+01 4.521375070756230554e-09
5.286786786786787218e+01 4.284160635789122711e-09
5.297297297297297547e+01 4.058691048096109089e-09
5.307807807807807876e+01 3.844423974377203590e-09
5.318318318318318205e+01 3.640840020550425520e-09
5.328828828828829245e+01 3.447441869824319344e-09
5.339339339339339574e+01 3.263753447798228315e-09
5.349849849849849903e+01 3.089319114000237795e-09
5.360360360360360232e+01 2.923702879273594960e-09
5.370870870870871272e+01 2.766487648422840475e-09
5.381381381381381601e+01 2.617274487532870072e-09
5.391891891891891930e+01 2.475681915376446408e-09
5.402402402402402970e+01 2.341345218328841416e-09
5.412912912912913299e+01 2.213915788211946747e-09
5.423423423423423628e+01 2.093060482494250512e-09
5.433933933933933957e+01 1.978461006278256718e-09
5.444444444444444997e+01 1.869813315511887239e-09
5.454954954954955326e+01 1.766827040866326352e-09
5.465465465465465655e+01 1.669224931728937545e-09
5.475975975975975985e+01 1.576742319766534343e-09
5.486486486486487024e+01 1.489126601521151188e-09
5.496996996996997353e+01 1.406136739507948325e-09
5.507507507507507682e+01 1.327542781292206587e-09
5.518018018018018012e+01 1.253125396030658414e-09
5.528528528528529051e+01 1.182675427970207143e-09
5.539039039039039380e+01 1.115993466405657192e-09
5.549549549549549710e+01 1.052889431606533037e-09
5.560060060060060039e+01 9.931821762319857929e-10
5.570570570570571078e+01 9.366991017614771896e-10
5.581081081081081408e+01 8.832757894781653931e-10
5.591591591591591737e+01 8.327556455508807442e-10
5.602102102102102066e+01 7.849895597700267288e-10
5.612612612612613106e+01 7.398355775018406812e-10
5.623123123123123435e+01 6.971585844349675061e-10
5.633633633633633764e+01 6.568300037025859416e-10
5.644144144144144093e+01 6.187275049728476345e-10
5.654654654654655133e+01 5.827347251097155506e-10
5.665165165165165462e+01 5.487410000157758001e-10
5.675675675675675791e+01 5.166411072779069769e-10
5.686186186186186120e+01 4.863350192461344136e-10
5.696696696696697160e+01 4.577276661852255033e-10
5.707207207207207489e+01 4.307287091478610351e-10
5.717717717717717818e+01 4.052523222273559219e-10
5.728228228228228147e+01 3.812169838570642438e-10
5.738738738738739187e+01 3.585452768325285990e-10
5.749249249249249516e+01 3.371636967413939340e-10
5.759759759759759845e+01 3.170024684948705148e-10
5.770270270270270174e+01 2.979953706632730240e-10
5.780780780780781214e+01 2.800795673266719698e-10
5.791291291291291543e+01 2.631954471601873982e-10
5.801801801801801872e+01 2.472864694817490877e-10
5.812312312312312201e+01 2.322990169983447176e-10
5.822822822822823241e+01 2.181822549948160390e-10
5.833333333333333570e+01 2.048879967171639718e-10
5.843843843843843899e+01 1.923705747100791984e-10
5.854354354354354939e+01 1.805867178760382213e-10
5.864864864864865268e+01 1.694954340307467658e-10
5.875375375375375597e+01 1.590578977370122507e-10
5.885885885885885926e+01 1.492373432063024031e-10
5.896396396396396966e+01 1.399989620642157271e-10
5.906906906906907295e+01 1.313098057829378952e-10
5.917417417417417624e+01 1.231386925904335808e-10
5.927927927927927954e+01 1.154561186726508949e-10
5.938438438438438993e+01 1.082341734913727189e-10
5.948948948948949322e+01 1.014464590465598000e-10
5.959459459459459651e+01 9.506801291807016215e-11
5.969969969969969981e+01 8.907523492754731473e-11
5.980480480480481020e+01 8.344581726699007086e-11
5.990990990990991349e+01 7.815867794610885108e-11
6.001501501501501679e+01 7.319389741599492238e-11
6.012012012012012008e+01 6.853265823191302657e-11
6.022522522522523047e+01 6.415718762314937950e-11
6.033033033033033377e+01 6.005070284282720572e-11
6.043543543543543706e+01 5.619735917543197114e-11
6.054054054054054035e+01 5.258220048448212537e-11
6.064564564564565075e+01 4.919111218731886487e-11
6.075075075075075404e+01 4.601077654840099080e-11
6.085585585585585733e+01 4.302863018675133561e-11
6.096096096096096062e+01 4.023282369734452196e-11
6.106606606606607102e+01 3.761218329021494133e-11
6.117117117117117431e+01 3.515617435494237318e-11
6.127627627627627760e+01 3.285486686190955091e-11
6.138138138138138089e+01 3.069890251534819189e-11
6.148648648648649129e+01 2.867946357668247194e-11
6.159159159159159458e+01 2.678824328005702687e-11
6.169669669669669787e+01 2.501741776519338385e-11
6.180180180180180116e+01 2.335961945586849330e-11
6.190690690690691156e+01 2.180791181533892057e-11
6.201201201201201485e+01 2.035576541296351597e-11
6.211711711711711814e+01 1.899703523909418755e-11
6.222222222222222143e+01 1.772593920802636435e-11
6.232732732732733183e+01 1.653703779141276132e-11
6.243243243243243512e+01 1.542521472706844082e-11
6.253753753753753841e+01 1.438565875051580002e-11
6.264264264264264170e+01 1.341384629895571772e-11
6.274774774774775210e+01 1.250552513959088918e-11
6.285285285285285539e+01 1.165669887638687650e-11
6.295795795795795868e+01 1.086361229142717254e-11
6.306306306306306908e+01 1.012273747901238890e-11
6.316816816816817237e+01 9.430760732563567168e-12
6.327327327327327566e+01 8.784570146226115364e-12
6.337837837837837895e+01 8.181243894833551279e-12
6.348348348348348935e+01 7.618039157578472903e-12
6.358858858858859264e+01 7.092381652360115783e-12
6.369369369369369593e+01 6.601855749330416149e-12
6.379879879879879923e+01 6.144195133650473118e-12
6.390390390390390962e+01 5.717273988894764052e-12
6.400900900900900581e+01 5.319098673906855644e-12
6.411411411411411621e+01 4.947799867217601574e-12
6.421921921921922660e+01 4.601625154389745809e-12
6.432432432432432279e+01 4.278932034848306736e-12
6.442942942942943318e+01 3.978181325902995145e-12
6.453453453453454358e+01 3.697930942763719310e-12
6.463963963963963977e+01 3.436830034395927637e-12
6.474474474474475016e+01 3.193613456063649634e-12
6.484984984984984635e+01 2.967096560363489195e-12
6.495495495495495675e+01 2.756170289463795156e-12
6.506006006006006714e+01 2.559796552135958950e-12
6.516516516516516333e+01 2.377003869994175851e-12
6.527027027027027373e+01 2.206883278153883626e-12
6.537537537537538412e+01 2.048584466275315215e-12
6.548048048048048031e+01 1.901312146678847356e-12
6.558558558558559071e+01 1.764322636906864251e-12
6.569069069069068689e+01 1.636920644761597283e-12
6.579579579579579729e+01 1.518456244471602424e-12
6.590090090090090769e+01 1.408322033234585380e-12
6.600600600600600387e+01 1.305950457948996025e-12
6.611111111111111427e+01 1.210811302485630597e-12
6.621621621621622467e+01 1.122409326362570512e-12
6.632132132132132085e+01 1.040282046173752745e-12
6.642642642642643125e+01 9.639976515849357993e-13
6.653153153153152743e+01 8.931530481513608169e-13
6.663663663663663783e+01 8.273720196295035139e-13
6.674174174174174823e+01 7.663035028536252641e-13
6.684684684684684441e+01 7.096199686249674313e-13
6.695195195195195481e+01 6.570159024205009344e-13
6.705705705705706521e+01 6.082063790685812622e-13
6.716216216216216139e+01 5.629257258618066449e-13
6.726726726726727179e+01 5.209262688842194950e-13
6.737237237237238219e+01 4.819771576207076507e-13
6.747747747747747837e+01 4.458632631921624573e-13
6.758258258258258877e+01 4.123841458214308242e-13
6.768768768768768496e+01 3.813530873829436448e-13
6.779279279279279535e+01 3.525961851233922153e-13
6.789789789789790575e+01 3.259515028634897562e-13
6.800300300300300194e+01 3.012682762011567238e-13
6.810810810810811233e+01 2.784061684359304487e-13
6.821321321321322273e+01 2.572345741230821956e-13
6.831831831831831892e+01 2.376319673443213503e-13
6.842342342342342931e+01 2.194852919509422890e-13
6.852852852852852550e+01 2.026893911949261236e-13
6.863363363363363590e+01 1.871464743144370098e-13
6.873873873873874629e+01 1.727656177829688137e-13
6.884384384384384248e+01 1.594622990661183633e-13
6.894894894894895288e+01 1.471579608574623091e-13
6.905405405405406327e+01 1.357796038852807913e-13
6.915915915915915946e+01 1.252594064954697080e-13
6.926426426426426985e+01 1.155343693232382456e-13
6.936936936936936604e+01 1.065459834674074149e-13
6.947447447447447644e+01 9.823992067655260345e-14
6.957957957957958683e+01 9.056574414636985492e-14
6.968468468468468302e+01 8.347663861250621641e-14
6.978978978978979342e+01 7.692915850320444466e-14
6.989489489489490381e+01 7.088299299157094623e-14
7.000000000000000000e+01 6.530074685836125635e-14
7.010510510510511040e+01 6.014773614318653908e-14
7.021021021021020658e+01 5.539179762513772421e-14
7.031531531531531698e+01 5.100311123319018541e-14
7.042042042042042738e+01 4.695403454271912213e-14
7.052552552552552356e+01 4.321894856702926598e-14
7.063063063063063396e+01 3.977411410234850655e-14
7.073573573573574436e+01 3.659753793129196785e-14
7.084084084084084054e+01 3.366884823359317064e-14
7.094594594594595094e+01 3.096917859408364648e-14
7.105105105105104712e+01 2.848106003660193488e-14
7.115615615615615752e+01 2.618832054886845577e-14
7.126126126126126792e+01 2.407599159754843081e-14
7.136636636636636410e+01 2.213022116479426497e-14
7.147147147147147450e+01 2.033819286770695838e-14
7.157657657657658490e+01 1.868805075043926249e-14
7.168168168168168108e+01 1.716882936520804420e-14
7.178678678678679148e+01 1.577038878340330183e-14
7.189189189189190188e+01 1.448335420135047997e-14
7.199699699699699806e+01 1.329905982719504376e-14
7.210210210210210846e+01 1.220949675593712010e-14
7.220720720720720465e+01 1.120726455890883396e-14
7.231231231231231504e+01 1.028552633203679664e-14
7.241741741741742544e+01 9.437966964159813791e-15
7.252252252252252163e+01 8.658754402510437549e-15
7.262762762762763202e+01 7.942503707317747597e-15
7.273273273273274242e+01 7.284243701383151966e-15
7.283783783783783861e+01 6.679386033488253564e-15
7.294294294294294900e+01 6.123696486670115895e-15
7.304804804804804519e+01 5.613268373790670804e-15
7.315315315315315559e+01 5.144497873478647294e-15
7.325825825825826598e+01 4.714061169492534962e-15
7.336336336336336217e+01 4.318893265865186018e-15
7.346846846846847257e+01 3.956168358903251466e-15
7.357357357357358296e+01 3.623281655253093081e-15
7.367867867867867915e+01 3.317832532848528661e-15
7.378378378378378954e+01 3.037608948660970797e-15
7.388888888888888573e+01 2.780573003806456596e-15
7.399399399399399613e+01 2.544847582757223843e-15
7.409909909909910652e+01 2.328703989189519401e-15
7.420420420420420271e+01 2.130550506393750954e-15
7.430930930930931311e+01 1.948921815209011648e-15
7.441441441441442350e+01 1.782469207140776898e-15
7.451951951951951969e+01 1.629951534699751364e-15
7.462462462462463009e+01 1.490226845084868748e-15
7.472972972972972627e+01 1.362244647140353753e-15
7.483483483483483667e+01 1.245038765064134429e-15
7.493993993993994707e+01 1.137720735652010442e-15
7.504504504504504325e+01 1.039473708940605785e-15
7.515015015015015365e+01 9.495468149809898317e-16
7.525525525525526405e+01 8.672499621453977028e-16
7.536036036036036023e+01 7.919490348553654657e-16
7.546546546546547063e+01 7.230614609338053132e-16
7.557057057057056682e+01 6.600521209365716188e-16
7.567567567567567721e+01 6.024295738216912720e-16
7.578078078078078761e+01 5.497425751779046656e-16
7.588588588588588379e+01 5.015768659658510492e-16
7.599099099099099419e+01 4.575522113360249919e-16
7.609609609609610459e+01 4.173196705843630188e-16
7.620120120120120077e+01 3.805590806970303302e-16
7.630630630630631117e+01 3.469767372283954521e-16
7.641141141141142157e+01 3.163032574563405795e-16
7.651651651651651775e+01 2.882916118735251283e-16
7.662162162162162815e+01 2.627153111081242669e-16
7.672672672672672434e+01 2.393667363280363675e-16
7.683183183183183473e+01 2.180556020738032924e-16
7.693693693693694513e+01 1.986075412926510820e-16
7.704204204204204132e+01 1.808628031130046132e-16
7.714714714714715171e+01 1.646750546103677925e-16
7.725225225225226211e+01 1.499102784750633657e-16
7.735735735735735830e+01 1.364457591037190698e-16
7.746246246246246869e+01 1.241691502031541749e-16
7.756756756756756488e+01 1.129776175203883061e-16
7.767267267267267528e+01 1.027770507988591175e-16
7.777777777777778567e+01 9.348133951154337734e-17
7.788288288288288186e+01 8.501170733875175327e-17
7.798798798798799226e+01 7.729610074461705551e-17
7.809309309309310265e+01 7.026862736373689454e-17
7.819819819819819884e+01 6.386904024018350930e-17
7.830330330330330924e+01 5.804226426713607935e-17
7.840840840840840542e+01 5.273796145845262246e-17
7.851351351351351582e+01 4.791013194523141684e-17
7.861861861861862621e+01 4.351674783246561612e-17
7.872372372372372240e+01 3.951941727457674027e-17
7.882882882882883280e+01 3.588307633537324907e-17
7.893393393393394319e+01 3.257570638901009851e-17
7.903903903903903938e+01 2.956807499497519072e-17
7.914414414414414978e+01 2.683349834311845806e-17
7.924924924924924596e+01 2.434762351522818772e-17
7.935435435435435636e+01 2.208822894856865306e-17
7.945945945945946676e+01 2.003504161504555990e-17
7.956456456456456294e+01 1.816956954796271631e-17
7.966966966966967334e+01 1.647494845751401342e-17
7.977477477477478374e+01 1.493580127684145767e-17
7.987987987987987992e+01 1.353810957333675411e-17
7.998498498498499032e+01 1.226909584548514976e-17
8.009009009009008651e+01 1.111711580446329005e-17
8.019519519519519690e+01 1.007155981242574701e-17
8.030030030030030730e+01 9.122762716437262388e-18
8.040540540540540349e+01 8.261921378730091126e-18
8.051051051051051388e+01 7.481019260827478715e-18
8.061561561561562428e+01 6.772757471428010980e-18
8.072072072072072046e+01 6.130491736139524025e-18
8.082582582582583086e+01 5.548174791517777051e-18
8.093093093093094126e+01 5.020303746688497766e-18
8.103603603603603744e+01 4.541871993388733432e-18
8.114114114114114784e+01 4.108325279814479770e-18
8.124624624624624403e+01 3.715521595434710100e-18
8.135135135135135442e+01 3.359694543143202644e-18
8.145645645645646482e+01 3.037419901978443452e-18
8.156156156156156101e+01 2.745585108320321547e-18
8.166666666666667140e+01 2.481361406154160488e-18
8.177177177177178180e+01 2.242178437827630660e-18
8.187687687687687799e+01 2.025701065862323834e-18
8.198198198198198838e+01 1.829808233956721509e-18
8.208708708708708457e+01 1.652573691451520804e-18
8.219219219219219497e+01 1.492248420337902860e-18
8.229729729729730536e+01 1.347244617482278660e-18
8.240240240240240155e+01 1.216121097210729595e-18
8.250750750750751195e+01 1.097569990837415877e-18
8.261261261261262234e+01 9.904046302132812762e-19
8.271771771771771853e+01 8.935485119922108214e-19
8.282282282282282893e+01 8.060252481326051192e-19
8.292792792792792511e+01 7.269494162368594234e-19
8.303303303303303551e+01 6.555182307395005533e-19
8.313813813813814591e+01 5.910039627432747899e-19
8.324324324324324209e+01 5.327470425195367677e-19
8.334834834834835249e+01 4.801497843841799712e-19
8.345345345345346288e+01 4.326706788741631434e-19
8.355855855855855907e+01 3.898192019226229439e-19
8.366366366366366947e+01 3.511510950994773020e-19
8.376876876876876565e+01 3.162640749818865104e-19
8.387387387387387605e+01 2.847939333761614802e-19
8.397897897897898645e+01 2.564109934582811109e-19
8.408408408408408263e+01 2.308168899592489845e-19
8.418918918918919303e+01 2.077416443188489646e-19
8.429429429429430343e+01 1.869410082883552714e-19
8.439939939939939961e+01 1.681940517995637393e-19
8.450450450450451001e+01 1.513009730530530097e-19
8.460960960960960620e+01 1.360811107293233921e-19
8.471471471471471659e+01 1.223711400082773654e-19
8.481981981981982699e+01 1.100234357097895782e-19
8.492492492492492318e+01 9.890458735358446576e-20
8.503003003003003357e+01 8.889405229285644059e-20
8.513513513513514397e+01 7.988293431365764222e-20
8.524024024024024015e+01 7.177287622131847307e-20
8.534534534534535055e+01 6.447505596541300138e-20
8.545045045045046095e+01 5.790927679436821480e-20
8.555555555555555713e+01 5.200314278763972902e-20
8.566066066066066753e+01 4.669131189457249444e-20
8.576576576576576372e+01 4.191481932112250540e-20
8.587087087087087411e+01 3.762046475452028985e-20
8.597597597597598451e+01 3.376025750726091050e-20
8.608108108108108070e+01 3.029091420040664178e-20
8.618618618618619109e+01 2.717340409677639674e-20
8.629129129129130149e+01 2.437253764131363509e-20
8.639639639639639768e+01 2.185659417260968861e-20
8.650150150150150807e+01 1.959698513975723428e-20
8.660660660660660426e+01 1.756794949560192914e-20
8.671171171171171466e+01 1.574627824396360556e-20
8.681681681681682505e+01 1.411106539726145685e-20
8.692192192192192124e+01 1.264348285455776879e-20
8.702702702702703164e+01 1.132657694064972501e-20
8.713213213213214203e+01 1.014508455648877159e-20
8.723723723723723822e+01 9.085267081757282473e-21
8.734234234234234862e+01 8.134760343615574756e-21
8.744744744744744480e+01 7.282439122973196136e-21
8.755255255255255520e+01 6.518294812563040351e-21
8.765765765765766560e+01 5.833324970917847422e-21
8.776276276276276178e+01 5.219433634214107635e-21
8.786786786786787218e+01 4.669341354966262093e-21
8.797297297297298257e+01 4.176504033683648598e-21
8.807807807807807876e+01 3.735039697748616899e-21
8.818318318318318916e+01 3.339662461751571388e-21
8.828828828828828534e+01 2.985622976066914793e-21
8.839339339339339574e+01 2.668654736249675917e-21
8.849849849849850614e+01 2.384925685498316994e-21
8.860360360360360232e+01 2.130994596515961520e-21
8.870870870870871272e+01 1.903771768130921604e-21
8.881381381381382312e+01 1.700483616466439166e-21
8.891891891891891930e+01 1.518640780703332799e-21
8.902402402402402970e+01 1.356009399945990227e-21
8.912912912912912589e+01 1.210585250727438539e-21
8.923423423423423628e+01 1.080570464594001679e-21
8.933933933933934668e+01 9.643525722846552438e-22
8.944444444444444287e+01 8.604856455250496048e-22
8.954954954954955326e+01 7.676733296330612894e-22
8.965465465465466366e+01 6.847535801980807257e-22
8.975975975975975985e+01 6.106849352465536403e-22
8.986486486486487024e+01 5.445341707228984340e-22
8.996996996996998064e+01 4.854652019590661211e-22
9.007507507507507682e+01 4.327291072259430596e-22
9.018018018018018722e+01 3.856551615902707343e-22
9.028528528528528341e+01 3.436427802630674372e-22
9.039039039039039380e+01 3.061542805300544645e-22
9.049549549549550420e+01 2.727083803022941814e-22
9.060060060060060039e+01 2.428743594061362458e-22
9.070570570570571078e+01 2.162668170289044770e-22
9.081081081081082118e+01 1.925409653247696627e-22
9.091591591591591737e+01 1.713884051317775119e-22
9.102102102102102776e+01 1.525333351176894566e-22
9.112612612612612395e+01 1.357291505144879023e-22
9.123123123123123435e+01 1.207553919694108006e-22
9.133633633633634474e+01 1.074150089803905815e-22
9.144144144144144093e+01 9.553190593622019583e-23
9.154654654654655133e+01 8.494874198496519236e-23
9.165165165165166172e+01 7.552495884124831920e-23
9.175675675675675791e+01 6.713501324502104837e-23
9.186186186186186831e+01 5.966679312896489974e-23
9.196696696696696449e+01 5.302019866376212898e-23
9.207207207207207489e+01 4.710587125275956647e-23
9.217717717717718529e+01 4.184405526069055263e-23
9.228228228228228147e+01 3.716357880340613019e-23
9.238738738738739187e+01 3.300094131397150863e-23
9.249249249249250227e+01 2.929949684996068351e-23
9.259759759759759845e+01 2.600872323109917894e-23
9.270270270270270885e+01 2.308356810787166166e-23
9.280780780780780503e+01 2.048386397149379697e-23
9.291291291291291543e+01 1.817380493376342637e-23
9.301801801801802583e+01 1.612147884092886273e-23
9.312312312312312201e+01 1.429844894693532664e-23
9.322822822822823241e+01 1.267937996572619281e-23
9.333333333333334281e+01 1.124170385629392862e-23
9.343843843843843899e+01 9.965321173945279992e-24
9.354354354354354939e+01 8.832334252193011568e-24
9.364864864864864558e+01 7.826808866697061430e-24
9.375375375375375597e+01 6.934561380162970883e-24
9.385885885885886637e+01 6.142968679055910478e-24
9.396396396396396256e+01 5.440798492959858213e-24
9.406906906906907295e+01 4.818057938656396244e-24
9.417417417417418335e+01 4.265858356404837798e-24
9.427927927927927954e+01 3.776294708096257048e-24
9.438438438438438993e+01 3.342337988289614716e-24
9.448948948948950033e+01 2.957739261731906860e-24
9.459459459459459651e+01 2.616944086725691242e-24
9.469969969969970691e+01 2.315016214359179869e-24
9.480480480480480310e+01 2.047569570692729640e-24
9.490990990990991349e+01 1.810707633893899218e-24
9.501501501501502389e+01 1.600969412283570079e-24
9.512012012012012008e+01 1.415281313412100421e-24
9.522522522522523047e+01 1.250914269646448737e-24
9.533033033033034087e+01 1.105445553215920196e-24
9.543543543543543706e+01 9.767247740538912465e-25
9.554054054054054745e+01 8.628436078180942121e-25
9.564564564564564364e+01 7.621088498283819109e-25
9.575075075075075404e+01 6.730184339189546229e-25
9.585585585585586443e+01 5.942400938938548053e-25
9.596096096096096062e+01 5.245923798724420412e-25
9.606606606606607102e+01 4.630277727452529142e-25
9.617117117117118141e+01 4.086176676117120478e-25
9.627627627627627760e+01 3.605390217830106068e-25
9.638138138138138800e+01 3.180624850151556983e-25
9.648648648648648418e+01 2.805418493640618570e-25
9.659159159159159458e+01 2.474046736745022385e-25
9.669669669669670498e+01 2.181439534502714069e-25
9.680180180180180116e+01 1.923107209019858825e-25
9.690690690690691156e+01 1.695074725107576458e-25
9.701201201201202196e+01 1.493823326395194076e-25
9.711711711711711814e+01 1.316238717122257191e-25
9.722222222222222854e+01 1.159565063926703909e-25
9.732732732732732472e+01 1.021364171436898455e-25
9.743243243243243512e+01 8.994792563657713288e-26
9.753753753753754552e+01 7.920028080175353942e-26
9.764264264264264170e+01 6.972480794679375877e-26
9.774774774774775210e+01 6.137238039069841538e-26
9.785285285285286250e+01 5.401117753923142866e-26
9.795795795795795868e+01 4.752469731408593299e-26
9.806306306306306908e+01 4.180999440116355350e-26
9.816816816816816527e+01 3.677611894720602082e-26
9.827327327327327566e+01 3.234273315137285725e-26
9.837837837837838606e+01 2.843888570670789246e-26
9.848348348348348225e+01 2.500192627907238633e-26
9.858858858858859264e+01 2.197654419813859213e-26
9.869369369369370304e+01 1.931391730300842642e-26
9.879879879879879923e+01 1.697095845782184524e-26
9.890390390390390962e+01 1.490964865166132245e-26
9.900900900900902002e+01 1.309644684107472857e-26
9.911411411411411621e+01 1.150176779959699138e-26
9.921921921921922660e+01 1.009952022187219400e-26
9.932432432432432279e+01 8.866698203819237088e-27
9.942942942942943318e+01 7.783019996769925943e-27
9.953453453453454358e+01 6.830608623369363739e-27
9.963963963963963977e+01 5.993709555784233171e-27
9.974474474474475016e+01 5.258441200956337182e-27
9.984984984984986056e+01 4.612574420829014185e-27
9.995495495495495675e+01 4.045337744423706777e-27
1.000600600600600671e+02 3.547245309373613585e-27
1.001651651651651633e+02 3.109944908382940723e-27
1.002702702702702737e+02 2.726083815840999092e-27
1.003753753753753841e+02 2.389190335736042623e-27
1.004804804804804803e+02 2.093569247848020532e-27
1.005855855855855907e+02 1.834209538327040347e-27
1.006906906906907011e+02 1.606702986167060291e-27
1.007957957957957973e+02 1.407172341424414036e-27
1.009009009009009077e+02 1.232207976675290379e-27
1.010060060060060039e+02 1.078812022255506575e-27
1.011111111111111143e+02 9.443491101483215336e-28
1.012162162162162247e+02 8.265029526466681621e-28
1.013213213213213209e+02 7.232380715857738819e-28
1.014264264264264312e+02 6.327660733360119206e-28
1.015315315315315416e+02 5.535159350265941564e-28
1.016366366366366378e+02 4.841078296724091015e-28
1.017417417417417482e+02 4.233300729183865754e-28
1.018468468468468444e+02 3.701188228121605117e-28
1.019519519519519548e+02 3.235402070897741791e-28
1.020570570570570652e+02 2.827745905540818627e-28
1.021621621621621614e+02 2.471027288084005835e-28
1.022672672672672718e+02 2.158935843861872848e-28
1.023723723723723822e+02 1.885936076375811236e-28
1.024774774774774784e+02 1.647173079928356744e-28
1.025825825825825888e+02 1.438389617737298367e-28
1.026876876876876850e+02 1.255853208780593648e-28
1.027927927927927954e+02 1.096292026962749484e-28
1.028978978978979058e+02 9.568385577820067167e-29
1.030030030030030019e+02 8.349800826810388565e-29
1.031081081081081123e+02 7.285151716082416311e-29
1.032132132132132227e+02 6.355154616993014975e-29
1.033183183183183189e+02 5.542920859174268295e-29
1.034234234234234293e+02 4.833661912986195679e-29
1.035285285285285397e+02 4.214430533141623411e-29
1.036336336336336359e+02 3.673893518299256615e-29
1.037387387387387463e+02 3.202132261352886384e-29
1.038438438438438425e+02 2.790467723483310939e-29
1.039489489489489529e+02 2.431306869013299544e-29
1.040540540540540633e+02 2.118007954097043274e-29
1.041591591591591595e+02 1.844762375916488764e-29
1.042642642642642699e+02 1.606491065343711734e-29
1.043693693693693803e+02 1.398753649356884047e-29
1.044744744744744764e+02 1.217668823760652655e-29
1.045795795795795868e+02 1.059844565398710245e-29
1.046846846846846830e+02 9.223169790871817470e-30
1.047897897897897934e+02 8.024967206229114088e-30
1.048948948948949038e+02 6.981220657965915488e-30
1.050000000000000000e+02 6.072178084505930230e-30
